Symbol,Date,Open,High,Low,Close,Volume
032860,1997-07-04,11658043,12614768,11658043,12591718,21085
032860,1997-07-05,11658043,12614768,11658043,12591718,10000
032860,1997-07-07,11647894,11647894,11647894,11652481,1500
032860,1997-07-08,10816820,10816820,10816820,10795961,500
032860,1997-07-09,9942141,11647894,9942141,11652481,6390
032860,1997-07-10,11365901,11365901,11274962,11342841,550
032860,1997-07-11,10978493,11365901,10978493,11342841,500
032860,1997-07-12,11365901,11365901,11204944,11342841,1000
032860,1997-07-14,10577018,10577018,10577018,10558524,2260
032860,1997-07-15,10567994,11365901,9793210,11342841,3980
032860,1997-07-16,10978493,11365901,10978493,11342841,500
032860,1997-07-18,10577018,10577018,10577018,10558524,585
032860,1997-07-19,10175826,10950610,10175826,10950682,1755
032860,1997-07-21,10577018,10577018,10577018,10558524,240
032860,1997-07-22,10577018,10577018,10577018,10558524,620
032860,1997-07-23,10577018,10577018,10577018,10558524,1935
032860,1997-07-24,10495354,10950610,10495354,10950682,2400
032860,1997-07-25,10950610,10950610,10950610,10950682,2140
032860,1997-07-26,10950610,10950610,10950610,10950682,530
032860,1997-07-28,10950610,10950610,10950610,10950682,1440
032860,1997-07-29,10978493,11365901,10978493,11342841,550
032860,1997-07-30,11358970,11358970,10950610,10950682,2165
032860,1997-07-31,10950610,10950610,10950610,10950682,240
032860,1997-08-01,10950610,10950610,10950610,10950682,480
032860,1997-08-02,10950610,10950610,10950610,10950682,0
032860,1997-08-04,10950610,10950610,10950610,10950682,500
032860,1997-08-05,10889013,10889013,10889013,10868164,0
032860,1997-08-06,10889013,10889013,10889013,10868164,500
032860,1997-08-07,10889013,10889013,10889013,10868164,0
032860,1997-08-08,10734136,10734136,10734136,10713245,0
032860,1997-08-09,10816820,10816820,10816820,10795961,120
032860,1997-08-11,10816820,10816820,10816820,10795961,0
032860,1997-08-12,10816820,10816820,10816820,10795961,120
032860,1997-08-13,10725850,10816820,10725850,10795961,265
032860,1997-08-14,9951958,9951958,9951958,9928928,120
032860,1997-08-16,9951958,9951958,9951958,9928928,0
032860,1997-08-18,9173647,9173647,9173647,9154926,240
032860,1997-08-19,8442325,8442325,8442325,8442614,500
032860,1997-08-20,7842291,7842291,7842291,7823333,500
032860,1997-08-21,8442325,8442325,8442325,8442614,500
032860,1997-08-22,8453755,9090952,8453755,9072210,500
032860,1997-08-23,9090952,9090952,9090952,9072210,600
032860,1997-08-25,9402792,9402792,9402792,9381850,500
032860,1997-08-26,9402792,9402792,9402792,9381850,120
032860,1997-08-27,9402792,9402792,9402792,9381850,500
032860,1997-08-28,9402792,9402792,9402792,9381850,0
032860,1997-08-29,9402792,9402792,9402792,9381850,500
032860,1997-08-30,9402792,9402792,9402792,9381850,0
032860,1997-09-01,9402792,9402792,9402792,9381850,0
032860,1997-09-02,9402792,9402792,9402792,9381850,0
032860,1997-09-03,9305276,9305276,9305276,9309647,500
032860,1997-09-04,9305276,9305276,9305276,9309647,220
032860,1997-09-05,9305276,9305276,9305276,9309647,340
032860,1997-09-06,10034507,10034507,10034507,10011446,0
032860,1997-09-08,10034507,10034507,10034507,10011446,0
032860,1997-09-09,10034507,10034507,10034507,10011446,0
032860,1997-09-10,10034507,10034507,10034507,10011446,0
032860,1997-09-11,10816820,10816820,10816820,10795961,120
032860,1997-09-12,10563233,10950610,10563233,10950682,500
032860,1997-09-13,10950610,10950610,10950610,10950682,0
032860,1997-09-18,10950610,10950610,10950610,10950682,0
032860,1997-09-19,10079237,10079237,10079237,10083649,120
032860,1997-09-20,10079237,10079237,10079237,10083649,0
032860,1997-09-22,10079237,10079237,10079237,10083649,0
032860,1997-09-23,10079237,10079237,10079237,10083649,0
032860,1997-09-24,10079237,10079237,10079237,10083649,0
032860,1997-09-25,9797028,9797028,9797028,9774009,0
032860,1997-09-26,9797028,9797028,9797028,9774009,0
032860,1997-09-27,9402792,9402792,9402792,9381850,0
032860,1997-09-29,9402792,9402792,9402792,9381850,0
032860,1997-09-30,9402792,9402792,9402792,9381850,0
032860,1997-10-01,9402792,9402792,9402792,9381850,0
032860,1997-10-02,9402792,9402792,9402792,9381850,0
032860,1997-10-04,9402792,9402792,9402792,9381850,0
032860,1997-10-06,9402792,9402792,9402792,9381850,0
032860,1997-10-07,9402792,9402792,9402792,9381850,0
032860,1997-10-08,9402792,9402792,9402792,9381850,0
032860,1997-10-09,9402792,9402792,9402792,9381850,0
032860,1997-10-10,8703080,8703080,8703080,8680051,100
032860,1997-10-11,8620594,8620594,8620594,8597533,0
032860,1997-10-13,8620594,8620594,8620594,8597533,0
032860,1997-10-14,8620594,8620594,8620594,8597533,0
032860,1997-10-15,8620594,8620594,8620594,8597533,0
032860,1997-10-16,8620594,8620594,8620594,8597533,0
032860,1997-10-17,8620594,8620594,8620594,8597533,0
032860,1997-10-18,8620594,8620594,8620594,8597533,0
032860,1997-10-20,8620594,8620594,8620594,8597533,0
032860,1997-10-21,8548101,8548101,8548101,8525330,0
032860,1997-10-22,8548101,8548101,8548101,8525330,0
032860,1997-10-23,8548101,8548101,8548101,8525330,480
032860,1997-10-24,8548101,8548101,8548101,8525330,0
032860,1997-10-25,8548101,8548101,8548101,8525330,0
032860,1997-10-27,9173647,9173647,9173647,9154926,1650
032860,1997-10-28,9081652,9856436,9081652,9856725,43670
032860,1997-10-29,9090952,9090952,9090952,9072210,500
032860,1997-10-30,9090952,9090952,9090952,9072210,0
032860,1997-10-31,9090952,9090952,9090952,9072210,0
032860,1997-11-01,9090952,9090952,9090952,9072210,0
032860,1997-11-03,9090952,9090952,9090952,9072210,0
032860,1997-11-04,9090952,9090952,9090952,9072210,0
032860,1997-11-05,8985043,8985043,8985043,8989692,0
032860,1997-11-06,8985043,8985043,8985043,8989692,0
032860,1997-11-07,8985043,8985043,8985043,8989692,0
032860,1997-11-08,8985043,8985043,8985043,8989692,0
032860,1997-11-10,8757951,8757951,8757951,8762569,0
032860,1997-11-11,8757951,8757951,8757951,8762569,0
032860,1997-11-12,8620594,8620594,8620594,8597533,0
032860,1997-11-13,7996973,7996973,7996973,7978252,230
032860,1997-11-14,7996973,7996973,7996973,7978252,0
032860,1997-11-15,7996973,7996973,7996973,7978252,0
032860,1997-11-17,7842291,7842291,7842291,7823333,0
032860,1997-11-18,7842291,7842291,7842291,7823333,0
032860,1997-11-19,7842291,7842291,7842291,7823333,0
032860,1997-11-20,7842291,7842291,7842291,7823333,0
032860,1997-11-21,8442325,8442325,8442325,8442614,150
032860,1997-11-22,8215431,8215431,8215431,8215690,0
032860,1997-11-24,7842291,7842291,7842291,7823333,0
032860,1997-11-25,7193427,7193427,7193427,7193737,0
032860,1997-11-26,6625970,6625970,6625970,6626228,440
032860,1997-11-27,6095430,6095430,6095430,6099780,80
032860,1997-11-28,6035972,6035972,6035972,6017262,0
032860,1997-11-29,5565416,5565416,5565416,5542387,0
032860,1997-12-01,5565416,5565416,5565416,5542387,0
032860,1997-12-02,5131771,5131771,5131771,5108970,0
032860,1997-12-03,4719273,4719273,4719273,4696182,0
032860,1997-12-04,4719273,4719273,4719273,4696182,0
032860,1997-12-05,4320043,4320043,4320043,4324455,0
032860,1997-12-06,3983611,3983611,3983611,3983870,0
032860,1997-12-08,3659502,3659502,3659502,3663914,0
032860,1997-12-09,3397903,3397903,3397903,3375102,0
032860,1997-12-10,3140126,3140126,3140126,3117035,50
032860,1997-12-11,3140126,3140126,3140126,3117035,0
032860,1997-12-12,2902647,2902647,2902647,2879598,0
032860,1997-12-13,2902647,2902647,2902647,2879598,0
032860,1997-12-15,2673169,2673169,2673169,2652475,5
032860,1997-12-16,2877472,2877472,2877472,2858968,5
032860,1997-12-17,3104594,3104594,3104594,3086091,0
032860,1997-12-19,3352540,3352540,3352540,3333644,0
032860,1997-12-20,3620746,3620746,3620746,3602026,0
032860,1997-12-22,3333936,3333936,3333936,3313015,0
032860,1997-12-23,3088115,3592003,3088115,3571082,160
032860,1997-12-24,3315445,3315445,3315445,3292385,150
032860,1997-12-26,3550410,3550410,3550410,3550452,930
032860,1997-12-27,3847859,3847859,3847859,3829149,240
032860,1998-01-03,4159494,4159494,4159494,4138789,0
032860,1998-01-05,4489950,4489950,4489950,4469059,150
032860,1998-01-06,4838948,4838948,4838948,4819959,0
032860,1998-01-07,5212055,5212055,5212055,5212117,0
032860,1998-01-08,5637640,5637640,5637640,5614590,125
032860,1998-01-09,6057962,6057962,6057962,6058521,160
032860,1998-01-10,5602635,5602635,5602635,5583646,200
032860,1998-01-12,6050606,6050606,6050606,6027577,150
032860,1998-01-13,6521253,6521253,6521253,6502253,150
032860,1998-01-14,7037138,7037138,7037138,7018387,150
032860,1998-01-15,7594500,7594500,7594500,7575779,150
032860,1998-01-16,7395570,7395570,7395570,7400230,0
032860,1998-01-17,7395570,7395570,7395570,7400230,100
032860,1998-01-19,7423550,8016177,6830645,6811894,200
032860,1998-01-20,6830645,6830645,6830645,6811894,0
032860,1998-01-21,6814293,6814293,6814293,6791264,0
032860,1998-01-22,6814293,6814293,6814293,6791264,0
032860,1998-01-23,7356835,7356835,7356835,7338342,150
032860,1998-01-24,7356835,7356835,7356835,7338342,0
032860,1998-01-26,7935085,7935085,7935085,7916364,150
032860,1998-01-30,7935085,7935085,7935085,7916364,0
032860,1998-01-31,8566882,8566882,8566882,8545960,0
032860,1998-02-02,7887571,7887571,7887571,7864790,0
032860,1998-02-03,7805103,7805103,7805103,7782074,0
032860,1998-02-04,7181792,7181792,7181792,7162793,0
032860,1998-02-05,6814293,6814293,6814293,6791264,0
032860,1998-02-06,6814293,6814293,6814293,6791264,0
032860,1998-02-07,7356835,7356835,7356835,7338342,150
032860,1998-02-09,6768684,6768684,6768684,6750005,0
032860,1998-02-10,6731806,6731806,6731806,6708746,0
032860,1998-02-11,7253884,7253884,7253884,7235195,120
032860,1998-02-12,7831956,7831956,7831956,7813018,670
032860,1998-02-13,7831956,7831956,7831956,7813018,0
032860,1998-02-14,7770129,7770129,7770129,7751130,0
032860,1998-02-16,7687364,7687364,7687364,7668612,0
032860,1998-02-17,7687364,7687364,7687364,7668612,0
032860,1998-02-18,7687364,7687364,7687364,7668612,0
032860,1998-02-19,7069942,7069942,7069942,7049331,0
032860,1998-02-20,6510835,6510835,6510835,6491938,0
032860,1998-02-21,6510835,6510835,6510835,6491938,0
032860,1998-02-23,7026792,7026792,7026792,7008072,10
032860,1998-02-24,6473739,6473739,6473739,6450679,0
032860,1998-02-25,5953287,5953287,5953287,5934546,0
032860,1998-02-26,5491033,5491033,5491033,5470184,0
032860,1998-02-27,5491033,5491033,5491033,5470184,0
032860,1998-02-28,5491033,5491033,5491033,5470184,0
032860,1998-03-02,5491033,5491033,5491033,5470184,0
032860,1998-03-03,5491033,5491033,5491033,5470184,0
032860,1998-03-04,5491033,5491033,5491033,5470184,0
032860,1998-03-05,5491033,5491033,5491033,5470184,0
032860,1998-03-06,5491033,5491033,5491033,5470184,0
032860,1998-03-07,5491033,5491033,5491033,5470184,0
032860,1998-03-09,5059796,5059796,5059796,5036767,0
032860,1998-03-10,5059796,5059796,5059796,5036767,0
032860,1998-03-11,5059796,5059796,5059796,5036767,0
032860,1998-03-12,5059796,5059796,5059796,5036767,0
032860,1998-03-13,5059796,5059796,5059796,5036767,0
032860,1998-03-14,5059796,5059796,5059796,5036767,0
032860,1998-03-16,5059796,5059796,5059796,5036767,0
032860,1998-03-17,5059796,5059796,5059796,5036767,0
032860,1998-03-18,5059796,5059796,5059796,5036767,0
032860,1998-03-19,5059796,5059796,5059796,5036767,0
032860,1998-03-20,5059796,5059796,5059796,5036767,0
032860,1998-03-21,5059796,5059796,5059796,5036767,0
032860,1998-03-23,5059796,5059796,5059796,5036767,0
032860,1998-03-24,5059796,5059796,5059796,5036767,0
032860,1998-03-25,5059796,5059796,5059796,5036767,0
032860,1998-03-26,4964075,4964075,4964075,4964365,0
032860,1998-03-27,4812044,4812044,4812044,4789015,0
032860,1998-03-28,4812044,4812044,4812044,4789015,0
032860,1998-03-30,4812044,4812044,4812044,4789015,0
032860,1998-03-31,5166198,5166198,5166198,5170858,50
032860,1998-04-01,4787126,4787126,4787126,4768385,0
032860,1998-04-02,4407431,4407431,4407431,4386541,0
032860,1998-04-03,4068985,4068985,4068985,4045956,0
032860,1998-04-04,4068985,4068985,4068985,4045956,0
032860,1998-04-06,4068985,4068985,4068985,4045956,0
032860,1998-04-07,3738457,3738457,3738457,3715686,0
032860,1998-04-08,3445427,3445427,3445427,3426675,0
032860,1998-04-09,3168838,3168838,3168838,3147979,0
032860,1998-04-10,2929531,2929531,2929531,2910542,0
032860,1998-04-11,2929531,2929531,2929531,2910542,0
032860,1998-04-13,2929531,2929531,2929531,2910542,0
032860,1998-04-14,2929531,2929531,2929531,2910542,0
032860,1998-04-15,2929531,2929531,2929531,2910542,0
032860,1998-04-16,2929531,2929531,2929531,2910542,0
032860,1998-04-17,2929531,2929531,2929531,2910542,0
032860,1998-04-18,2929531,2929531,2929531,2910542,0
032860,1998-04-20,2929531,2929531,2929531,2910542,0
032860,1998-04-21,2929531,2929531,2929531,2910542,0
032860,1998-04-22,2929531,2929531,2929531,2910542,0
032860,1998-04-23,2929531,2929531,2929531,2910542,0
032860,1998-04-24,2929531,2929531,2929531,2910542,0
032860,1998-04-25,2929531,2929531,2929531,2910542,0
032860,1998-04-27,2727098,2727098,2727098,2704049,0
032860,1998-04-28,2727098,2727098,2727098,2704049,0
032860,1998-04-29,2508298,2508298,2508298,2487439,0
032860,1998-04-30,2301544,2301544,2301544,2301575,0
032860,1998-05-02,2301544,2301544,2301544,2301575,0
032860,1998-05-04,2301544,2301544,2301544,2301575,0
032860,1998-05-06,2301544,2301544,2301544,2301575,0
032860,1998-05-07,2301544,2301544,2301544,2301575,0
032860,1998-05-08,2301544,2301544,2301544,2301575,0
032860,1998-05-09,2301544,2301544,2301544,2301575,0
032860,1998-05-11,2134372,2134372,2134372,2115910,0
032860,1998-05-12,2134372,2134372,2134372,2115910,0
032860,1998-05-13,2134372,2134372,2134372,2115910,0
032860,1998-05-14,2134372,2134372,2134372,2115910,0
032860,1998-05-15,2134372,2134372,2134372,2115910,0
032860,1998-05-16,1969613,1969613,1969613,1950676,0
032860,1998-05-18,1969613,1969613,1969613,1950676,0
032860,1998-05-19,1969613,1969613,1969613,1950676,0
032860,1998-05-20,1969613,1969613,1969613,1950676,0
032860,1998-05-21,1969613,1969613,1969613,1950676,0
032860,1998-05-22,1969613,1969613,1969613,1950676,0
032860,1998-05-23,1969613,1969613,1969613,1950676,0
032860,1998-05-25,1969613,1969613,1969613,1950676,0
032860,1998-05-26,1969613,1969613,1969613,1950676,0
032860,1998-05-27,1969613,1969613,1969613,1950676,0
032860,1998-05-28,1969613,1969613,1969613,1950676,0
032860,1998-05-29,1969613,1969613,1969613,1950676,0
032860,1998-05-30,1969613,1969613,1969613,1950676,0
032860,1998-06-01,1969613,1969613,1969613,1950676,0
032860,1998-06-02,1969613,1969613,1969613,1950676,0
032860,1998-06-03,1969613,1969613,1969613,1950676,0
032860,1998-06-05,1969613,1969613,1969613,1950676,0
032860,1998-06-08,1969613,1969613,1969613,1950676,0
032860,1998-06-09,1969613,1969613,1969613,1950676,0
032860,1998-06-10,1969613,1969613,1969613,1950676,0
032860,1998-06-11,1969613,1969613,1969613,1950676,0
032860,1998-06-12,1969613,1969613,1969613,1950676,0
032860,1998-06-13,1969613,1969613,1969613,1950676,0
032860,1998-06-15,1969613,1969613,1969613,1950676,0
032860,1998-06-16,1969613,1969613,1969613,1950676,0
032860,1998-06-17,1969613,1969613,1969613,1950676,0
032860,1998-06-18,1969613,1969613,1969613,1950676,0
032860,1998-06-19,1969613,1969613,1969613,1950676,0
032860,1998-06-20,1969613,1969613,1969613,1950676,0
032860,1998-06-22,1969613,1969613,1969613,1950676,0
032860,1998-06-23,1969613,1969613,1969613,1950676,0
032860,1998-06-24,1969613,1969613,1969613,1950676,0
032860,1998-06-25,1969613,1969613,1969613,1950676,0
032860,1998-06-26,1969613,1969613,1969613,1950676,0
032860,1998-06-27,1969613,1969613,1969613,1950676,0
032860,1998-06-29,1969613,1969613,1969613,1950676,0
032860,1998-06-30,1969613,1969613,1969613,1950676,0
032860,1998-07-01,1969613,1969613,1969613,1950676,0
032860,1998-07-02,1969613,1969613,1969613,1950676,0
032860,1998-07-03,1969613,1969613,1969613,1950676,0
032860,1998-07-04,1969613,1969613,1969613,1950676,0
032860,1998-07-06,1969613,1969613,1969613,1950676,0
032860,1998-07-07,1969613,1969613,1969613,1950676,0
032860,1998-07-08,1969613,1969613,1969613,1950676,0
032860,1998-07-09,1938659,1938659,1938659,1919732,0
032860,1998-07-10,1938659,1938659,1938659,1919732,0
032860,1998-07-11,1938659,1938659,1938659,1919732,0
032860,1998-07-13,1938659,1938659,1938659,1919732,0
032860,1998-07-14,1938659,1938659,1938659,1919732,0
032860,1998-07-15,1938659,1938659,1938659,1919732,0
032860,1998-07-16,1938659,1938659,1938659,1919732,0
032860,1998-07-18,1938659,1938659,1938659,1919732,0
032860,1998-07-20,1938659,1938659,1938659,1919732,0
032860,1998-07-21,1938659,1938659,1938659,1919732,0
032860,1998-07-22,1938659,1938659,1938659,1919732,0
032860,1998-07-23,1938659,1938659,1938659,1919732,0
032860,1998-07-24,1938659,1938659,1938659,1919732,0
032860,1998-07-25,1938659,1938659,1938659,1919732,0
032860,1998-07-27,1938659,1938659,1938659,1919732,0
032860,1998-07-28,1938659,1938659,1938659,1919732,0
032860,1998-07-29,1938659,1938659,1938659,1919732,0
032860,1998-07-30,1938659,1938659,1938659,1919732,0
032860,1998-07-31,1938659,1938659,1938659,1919732,0
032860,1998-08-01,1938659,1938659,1938659,1919732,0
032860,1998-08-03,1938659,1938659,1938659,1919732,0
032860,1998-08-04,1938659,1938659,1938659,1919732,0
032860,1998-08-05,1938659,1938659,1938659,1919732,0
032860,1998-08-06,1938659,1938659,1938659,1919732,0
032860,1998-08-07,1938659,1938659,1938659,1919732,0
032860,1998-08-08,1938659,1938659,1938659,1919732,0
032860,1998-08-10,1938659,1938659,1938659,1919732,0
032860,1998-08-11,1938659,1938659,1938659,1919732,0
032860,1998-08-12,2167776,2167776,2167776,2146854,500
032860,1998-08-13,2394397,2394397,2394397,2394408,500
032860,1998-08-14,2394397,2394397,2394397,2394408,0
032860,1998-08-17,2361545,2361545,2361545,2342834,1000
032860,1998-08-18,2621179,2621179,2621179,2621531,1000
032860,1998-08-19,2609483,2609483,2609483,2590586,0
032860,1998-08-20,2921076,2921076,2921076,2900227,1000
032860,1998-08-21,2921076,2921076,2921076,2900227,0
032860,1998-08-22,2921076,2921076,2921076,2900227,0
032860,1998-08-24,2921076,2921076,2921076,2900227,0
032860,1998-08-25,2921076,2921076,2921076,2900227,0
032860,1998-08-26,2809814,2809814,2809814,2786765,1000
032860,1998-08-27,2630153,2630153,2630153,2611216,0
032860,1998-08-28,2630153,2630153,2630153,2611216,0
032860,1998-08-29,2630153,2630153,2630153,2611216,0
032860,1998-08-31,2371932,2371932,2371932,2353149,0
032860,1998-09-01,2196519,2196519,2196519,2177799,0
032860,1998-09-02,2196519,2196519,2196519,2177799,0
032860,1998-09-03,2196519,2196519,2196519,2177799,0
032860,1998-09-04,1938659,1938659,1938659,1919732,0
032860,1998-09-05,1765032,1765032,1765032,1744183,0
032860,1998-09-07,1765032,1765032,1765032,1744183,480
032860,1998-09-08,1560979,1560979,1560979,1537888,0
032860,1998-09-09,1370982,1370982,1370982,1352024,0
032860,1998-09-10,1502325,1502325,1502325,1506944,500
032860,1998-09-11,1701046,1701046,1701046,1682294,500
032860,1998-09-12,1701046,1701046,1701046,1682294,0
032860,1998-09-14,1499029,1499029,1499029,1476000,840
032860,1998-09-15,1641035,1641035,1641035,1641035,120
032860,1998-09-16,1641035,1641035,1641035,1641035,0
032860,1998-09-17,1499029,1499029,1499029,1476000,600
032860,1998-09-18,1672209,1672209,1672209,1651350,500
032860,1998-09-19,1591820,1591820,1591820,1568832,0
032860,1998-09-21,1765032,1765032,1765032,1744183,770
032860,1998-09-22,1969613,1969613,1969613,1950676,620
032860,1998-09-23,2196519,2196519,2196519,2177799,500
032860,1998-09-24,2431463,2431463,2431463,2435865,500
032860,1998-09-25,2727098,2727098,2727098,2704049,600
032860,1998-09-26,2727098,2727098,2727098,2704049,0
032860,1998-09-28,2727098,2727098,2727098,2704049,0
032860,1998-09-29,2727098,2727098,2727098,2704049,0
032860,1998-09-30,2727098,2727098,2727098,2704049,0
032860,1998-10-01,2727098,2727098,2727098,2704049,0
032860,1998-10-02,2727098,2727098,2727098,2704049,0
032860,1998-10-07,2727098,2727098,2727098,2704049,0
032860,1998-10-08,2727098,2727098,2727098,2704049,0
032860,1998-10-09,2727098,2727098,2727098,2704049,0
032860,1998-10-10,2727098,2727098,2727098,2704049,0
032860,1998-10-12,2727098,2727098,2727098,2704049,0
032860,1998-10-13,2727098,2727098,2727098,2704049,0
032860,1998-10-14,2727098,2727098,2727098,2704049,0
032860,1998-10-15,2727098,2727098,2727098,2704049,0
032860,1998-10-16,2727098,2727098,2727098,2704049,0
032860,1998-10-17,2727098,2727098,2727098,2704049,0
032860,1998-10-19,2727098,2727098,2727098,2704049,0
032860,1998-10-20,2394397,2394397,2394397,2394408,1500
032860,1998-10-21,2159558,2159558,2159558,2136540,1500
032860,1998-10-22,2090662,2090662,2090662,2095281,0
032860,1998-10-23,2090662,2090662,2090662,2095281,0
032860,1998-10-24,2090662,2090662,2090662,2095281,0
032860,1998-10-26,1863570,1863570,1863570,1868158,2000
032860,1998-10-27,1847748,1847748,1847748,1826899,0
032860,1998-10-28,1847748,1847748,1847748,1826899,0
032860,1998-10-29,1847748,1847748,1847748,1826899,0
032860,1998-10-30,1847748,1847748,1847748,1826899,0
032860,1998-10-31,1847748,1847748,1847748,1826899,0
032860,1998-11-02,1765032,1765032,1765032,1744183,0
032860,1998-11-03,1765032,1765032,1765032,1744183,0
032860,1998-11-04,1765032,1765032,1765032,1744183,0
032860,1998-11-05,1765032,1765032,1765032,1744183,0
032860,1998-11-06,1765032,1765032,1765032,1744183,0
032860,1998-11-07,1765032,1765032,1765032,1744183,0
032860,1998-11-09,1765032,1765032,1765032,1744183,0
032860,1998-11-10,1765032,1765032,1765032,1744183,0
032860,1998-11-11,1765032,1765032,1765032,1744183,0
032860,1998-11-12,1765032,1765032,1765032,1744183,0
032860,1998-11-13,1938659,1938659,1938659,1919732,2000
032860,1998-11-14,1938659,1938659,1938659,1919732,0
032860,1998-11-16,1938659,1938659,1938659,1919732,0
032860,1998-11-17,1938659,1938659,1938659,1919732,0
032860,1998-11-18,1938659,1938659,1938659,1919732,0
032860,1998-11-19,1938659,1938659,1938659,1919732,0
032860,1998-11-20,1938659,1938659,1938659,1919732,0
032860,1998-11-21,1938659,1938659,1938659,1919732,0
032860,1998-11-23,2090662,2090662,2090662,2095281,2000
032860,1998-11-24,2090662,2090662,2090662,2095281,0
032860,1998-11-25,2090662,2090662,2090662,2095281,0
032860,1998-11-26,2090662,2090662,2090662,2095281,0
032860,1998-11-27,1876522,1876522,1876522,1857843,300
032860,1998-11-28,2021146,2021146,2021146,2002250,1000
032860,1998-11-30,2021146,2021146,2021146,2002250,0
032860,1998-12-01,2021146,2021146,2021146,2002250,0
032860,1998-12-02,2021146,2021146,2021146,2002250,0
032860,1998-12-03,2021146,2021146,2021146,2002250,0
032860,1998-12-04,2021146,2021146,2021146,2002250,0
032860,1998-12-05,2021146,2021146,2021146,2002250,0
032860,1998-12-07,2021146,2021146,2021146,2002250,0
032860,1998-12-08,2021146,2021146,2021146,2002250,0
032860,1998-12-09,2021146,2021146,2021146,2002250,0
032860,1998-12-10,2021146,2021146,2021146,2002250,0
032860,1998-12-11,2021146,2021146,2021146,2002250,0
032860,1998-12-14,2021146,2021146,2021146,2002250,0
032860,1998-12-15,2021146,2021146,2021146,2002250,0
032860,1998-12-16,2021146,2021146,2021146,2002250,0
032860,1998-12-17,2021146,2021146,2021146,2002250,0
032860,1998-12-18,2021146,2021146,2021146,2002250,0
032860,1998-12-21,2021146,2021146,2021146,2002250,0
032860,1998-12-22,2021146,2021146,2021146,2002250,0
032860,1998-12-23,1938659,1938659,1938659,1919732,500
032860,1998-12-24,1765032,1765032,1765032,1744183,71500
032860,1998-12-28,1765032,1765032,1765032,1744183,0
032860,1999-01-04,1620343,1620343,1620343,1620406,180
032860,1999-01-05,1620343,1620343,1620343,1620406,0
032860,1999-01-06,1620343,1620343,1620343,1620406,0
032860,1999-01-07,1620343,1620343,1620343,1620406,0
032860,1999-01-08,1620343,1620343,1620343,1620406,0
032860,1999-01-11,1620343,1620343,1620343,1620406,0
032860,1999-01-12,1620343,1620343,1620343,1620406,0
032860,1999-01-13,1690700,1690700,1690700,1671980,2000
032860,1999-01-14,1711567,1711567,1711567,1692609,0
032860,1999-01-15,1711567,1711567,1711567,1692609,0
032860,1999-01-18,1901460,1901460,1901460,1878473,20
032860,1999-01-19,2041837,2041837,2041837,2022879,2500
032860,1999-01-20,2289352,2289352,2289352,2270631,1420
032860,1999-01-21,2524100,2524100,2524100,2528698,1200
032860,1999-01-22,2524100,2524100,2524100,2528698,0
032860,1999-01-25,2524100,2524100,2524100,2528698,0
032860,1999-01-26,2857059,2857059,2857059,2838339,5
032860,1999-01-27,3160724,3160724,3160724,3137664,1525
032860,1999-01-28,3464771,3464771,3259522,3240812,1865
032860,1999-01-29,3259522,3259522,3259522,3240812,120
032860,1999-02-01,3059341,3563166,2877183,3540138,220
032860,1999-02-02,3663497,3845407,3572309,3849778,1195
032860,1999-02-03,4271220,4271220,3470895,4252251,540
032860,1999-02-04,4169984,4169984,4169984,4149104,500
032860,1999-02-05,4269317,4589094,3674738,3653600,355
032860,1999-02-08,3243263,4109028,3243263,3220182,15
032860,1999-02-09,2855162,3517589,2855162,3498879,10
032860,1999-02-10,3071116,3140917,3071116,3075776,1110
032860,1999-02-11,2737382,3465704,2737382,2714363,30
032860,1999-02-12,3067118,3067118,2425861,2404723,100
032860,1999-02-18,2149316,2149316,2149316,2126225,1100
032860,1999-02-19,2149316,2149316,2149316,2126225,0
032860,1999-02-22,2407122,2407122,2407122,2384093,0
032860,1999-02-23,2658388,2658388,2658388,2662790,5
032860,1999-02-24,2962104,2962104,2962104,2962115,1000
032860,1999-02-25,3318917,3318917,3318917,3323330,5
032860,1999-02-26,3643243,3643243,3643243,3643285,5
032860,1999-03-02,3976006,3976006,3976006,3952925,310
032860,1999-03-03,3976006,3976006,3976006,3952925,0
032860,1999-03-04,3976006,3976006,3976006,3952925,0
032860,1999-03-05,3509423,3509423,3509423,3488564,0
032860,1999-03-08,3509423,3509423,3509423,3488564,0
032860,1999-03-09,3509423,3509423,3509423,3488564,0
032860,1999-03-10,3509423,3509423,3509423,3488564,0
032860,1999-03-11,3493180,3563166,3493180,3540138,1100
032860,1999-03-12,3140126,3140126,3140126,3117035,0
032860,1999-03-15,2751191,3343848,2751191,2755821,20
032860,1999-03-16,2444261,2444261,2444261,2425551,975
032860,1999-03-17,2347836,2737382,2347836,2714363,10
032860,1999-03-18,3057378,3057378,3057378,3034319,5
032860,1999-03-19,3397903,3397903,3397903,3375102,5
032860,1999-03-22,3765372,3765372,3765372,3746631,0
032860,1999-03-23,3765372,3765372,3765372,3746631,5
032860,1999-03-24,3765372,3765372,3765372,3746631,0
032860,1999-03-25,3976006,3976006,3976006,3952925,5
032860,1999-03-26,4412898,4412898,4048829,4417486,2570
032860,1999-03-29,3911886,3911886,3911886,3891037,0
032860,1999-03-30,3470365,3470365,3470365,3447305,1000
032860,1999-03-31,3049422,3845407,3049422,3849778,355
032860,1999-04-01,4316529,4316529,4316529,4293510,5
032860,1999-04-02,3843404,4800099,3843404,4758070,1260
032860,1999-04-06,4186983,4644161,4186983,4644410,30
032860,1999-04-07,4096280,4551515,4096280,4551577,2710
032860,1999-04-08,5106999,5106999,5106999,5088340,5
032860,1999-04-09,4902559,4902559,4582782,4561892,2360
032860,1999-04-12,4045539,4481794,4045539,4458745,30
032860,1999-04-13,3954599,4481794,3954599,4458745,125
032860,1999-04-14,4481794,4481794,4481794,4458745,5
032860,1999-04-15,3974387,3974387,3951295,3932296,570
032860,1999-04-16,4282906,4282906,4282906,4283196,5
032860,1999-04-19,4058180,4812044,4058180,4789015,2325
032860,1999-04-20,4964075,4964075,4964075,4964365,5
032860,1999-04-21,5282412,5282412,5077131,5263691,1350
032860,1999-04-22,5291650,5291650,5086400,5067711,200
032860,1999-04-23,5497179,5497179,5086400,5067711,105
032860,1999-04-26,5086400,5086400,5086400,5067711,0
032860,1999-04-27,4470404,5086400,4470404,5067711,15
032860,1999-04-28,4481794,4481794,4481794,4458745,0
032860,1999-04-29,3951295,3951295,3951295,3932296,50
032860,1999-04-30,4271220,4271220,4271220,4252251,1000
032860,1999-05-03,4271220,4271220,4271220,4252251,5
032860,1999-05-04,4173819,4766476,4173819,4747756,975
032860,1999-05-06,4766476,4766476,4766476,4747756,0
032860,1999-05-07,4719495,4787126,4719495,4768385,2475
032860,1999-05-10,5354833,5354833,5354833,5336092,260
032860,1999-05-11,5282412,5282412,5282412,5263691,210
032860,1999-05-12,5086400,5086400,5086400,5067711,605
032860,1999-05-13,5071246,5661733,5071246,5666362,1170
032860,1999-05-14,6366242,6366242,6366242,6347532,1590
032860,1999-05-17,7134299,7134299,7134299,7111219,100
032860,1999-05-18,7978502,7978502,7978502,7957623,555
032860,1999-05-19,8925616,8925616,8925616,8907174,3995
032860,1999-05-20,9965837,9965837,9965837,9970187,35
032860,1999-05-21,11172740,11172740,10146028,10125106,1450
032860,1999-05-24,11378021,11378021,10146028,10125106,2030
032860,1999-05-25,10146028,11172740,10146028,10125106,240
032860,1999-05-26,10643770,11168547,9640147,9619288,875
032860,1999-05-27,10146028,10647714,10146028,10125106,275
032860,1999-05-28,10658934,11365901,10658934,11342841,1330
032860,1999-05-31,12649195,12649195,12649195,12653606,675
032860,1999-06-01,14181075,14181075,14181075,14181179,835
032860,1999-06-02,13192769,13192769,12532047,13169740,1550
032860,1999-06-03,12166665,12166665,12166665,12147985,580
032860,1999-06-04,10752833,10752833,10752833,10733874,10
032860,1999-06-07,10739680,12013733,10739680,11745512,1830
032860,1999-06-08,12982174,13143132,12982174,12963247,1355
032860,1999-06-09,11464649,12580389,11464649,12354280,2295
032860,1999-06-10,13196644,13698588,12991373,13675559,1525
032860,1999-06-11,14586610,15291377,14586610,15295964,5185
032860,1999-06-14,17131030,17131030,17131030,17112350,11240
032860,1999-06-15,19153902,19153902,18743402,19135428,23855
032860,1999-06-16,21416052,21416052,19140550,21416374,18075
032860,1999-06-17,23724338,23974064,21287814,23955386,19765
032860,1999-06-18,26802140,26802140,24820872,26783212,32620
032860,1999-06-21,24319830,24319830,23612892,23594172,7450
032860,1999-06-22,20830438,20830438,20830438,20807408,12465
032860,1999-06-23,20265046,22292992,18353302,18330282,15280
032860,1999-06-24,20518920,20518920,18241184,19744394,9060
032860,1999-06-25,19174358,19174358,17445020,17421990,6140
032860,1999-06-28,15368460,16234431,15368460,15347538,10130
032860,1999-06-29,13520299,13520299,13520299,13520639,1700
032860,1999-06-30,13521635,15160035,12403952,15141045,9115
032860,1999-07-01,16869432,16939420,15709349,16916370,14275
032860,1999-07-02,18958250,18958250,17730348,18939250,22160
032860,1999-07-05,18957140,18957140,16725619,17318844,9060
032860,1999-07-06,17135274,17135274,15291377,15295964,2850
032860,1999-07-07,13585377,17135274,13585377,15295964,3180
032860,1999-07-08,15457421,16939420,14183337,16916370,8980
032860,1999-07-09,14996761,16000133,14996761,15388797,5340
032860,1999-07-12,16209515,16209515,15003033,15894616,5990
032860,1999-07-13,16210737,16210737,14047341,14686998,2895
032860,1999-07-14,12982505,15624246,12982505,15192619,4470
032860,1999-07-15,13892520,15213500,13892520,15192619,3765
032860,1999-07-16,15101391,15213500,15101391,15192619,3805
032860,1999-07-19,15410086,16525351,15410086,15801585,6215
032860,1999-07-20,15715216,15715216,15010203,15192619,105
032860,1999-07-21,13684314,15005107,13684314,14986324,190
032860,1999-07-22,14178918,15203461,13268407,15089471,1505
032860,1999-07-23,13345277,14710765,13345277,14078032,4645
032860,1999-07-26,12401403,12469003,12401403,12406052,875
032860,1999-07-27,11651148,13835712,11149461,13768391,2190
032860,1999-07-28,12267222,14181075,12267222,14181179,365
032860,1999-07-29,13890467,13890467,13890467,13871539,4480
032860,1999-07-30,14590445,14590445,12268230,14480505,825
032860,1999-08-02,14396100,14396100,14396100,14377358,0
032860,1999-08-03,12721213,13677908,12674535,13066592,800
032860,1999-08-04,11619614,13192769,11573183,13169740,305
032860,1999-08-05,13192769,13192769,13192769,13169740,0
032860,1999-08-06,11613653,11613653,11613653,11590593,5
032860,1999-08-09,12966313,12966313,10326741,10331401,1210
032860,1999-08-10,10658060,11568323,10658060,11549334,2405
032860,1999-08-11,12862722,12930570,11154562,12911673,2875
032860,1999-08-12,13586009,14428424,13586009,14428931,8680
032860,1999-08-13,15213500,16125964,14917310,15192619,9585
032860,1999-08-16,16939420,16939420,16939420,16916370,5
032860,1999-08-17,16216903,16216903,14917310,15192619,4290
032860,1999-08-18,15152583,15152583,13946131,13923112,1475
032860,1999-08-19,12685020,14096753,12274521,14078032,11995
032860,1999-08-20,12417778,15015228,12417778,14583652,7805
032860,1999-08-23,14639999,15209533,13389007,14686998,7005
032860,1999-08-24,13069479,14707817,13069479,14686998,1120
032860,1999-08-25,13280586,14396100,13280586,14377358,6585
032860,1999-08-26,14923365,15924568,14717868,15698438,3095
032860,1999-08-27,13883714,16728815,13883714,16709877,7165
032860,1999-08-30,15101568,16627579,14760591,16606730,2955
032860,1999-08-31,15719349,15719349,14762624,15698438,2240
032860,1999-09-01,14502620,15618123,13977812,15595290,1465
032860,1999-09-02,13842332,15618123,13842332,15595290,1200
032860,1999-09-03,13832964,16199439,13832964,16204058,1340
032860,1999-09-06,16209515,16209515,14478006,15894616,1035
032860,1999-09-07,15924568,16426254,14260690,15698438,2755
032860,1999-09-08,13981705,16121822,13981705,16100911,95
032860,1999-09-09,15920435,15920435,15168991,15192619,7735
032860,1999-09-10,13437512,15213500,13393003,15192619,305
032860,1999-09-13,13397811,14606682,13397811,14583652,1000
032860,1999-09-14,15203461,15203461,12857939,15089471,860
032860,1999-09-15,14096753,14096753,14096753,14078032,0
032860,1999-09-16,12443039,13698588,12443039,13675559,755
032860,1999-09-17,14089888,14181075,14089888,14181179,155
032860,1999-09-20,15213500,15213500,15213500,15192619,5
032860,1999-09-21,15213500,15213500,15213500,15192619,0
032860,1999-09-22,13444489,14606682,13444489,14583652,1710
032860,1999-09-27,14134428,14181075,14134428,14181179,100
032860,1999-09-28,15005107,15005107,15005107,14986324,5
032860,1999-09-29,14181075,14181075,14181075,14181179,0
032860,1999-09-30,15219254,15219254,12530834,13469065,1970
032860,1999-10-01,14955631,14955631,14955631,14934750,50
032860,1999-10-04,14499504,14499504,14499504,14480505,5
032860,1999-10-05,15213500,15213500,15213500,15192619,5
032860,1999-10-06,14181075,14181075,14181075,14181179,0
032860,1999-10-07,14606682,14606682,14606682,14583652,5
032860,1999-10-08,14295150,14295150,14295150,14274012,0
032860,1999-10-11,14707817,14707817,12887320,14686998,1505
032860,1999-10-12,15209533,15209533,14595490,14686998,3855
032860,1999-10-13,14878597,14878597,14878597,14882978,5
032860,1999-10-14,14878597,14878597,14878597,14882978,0
032860,1999-10-15,16121822,16121822,16121822,16100911,5
032860,1999-10-18,15005107,15005107,15005107,14986324,0
032860,1999-10-19,16121822,16121822,16121822,16100911,5
032860,1999-10-20,14878597,14878597,14878597,14882978,5
032860,1999-10-21,16124699,16124699,14096753,14078032,20
032860,1999-10-22,14096753,14096753,12409969,14078032,115
032860,1999-10-25,15089182,15089182,15089182,15089471,1565
032860,1999-10-26,14707817,14707817,14707817,14686998,0
032860,1999-10-27,14707817,14707817,14707817,14686998,0
032860,1999-10-28,14703963,14703963,14181075,14181179,600
032860,1999-10-29,12524279,14096753,12524279,14078032,855
032860,1999-11-01,12479739,14096753,12479739,14078032,255
032860,1999-11-02,12409969,14187940,12409969,14078032,535
032860,1999-11-03,13177759,15749980,12402974,15750011,5255
032860,1999-11-04,16714696,16714696,14186964,16100911,5140
032860,1999-11-05,15213500,15304439,14188927,15192619,3955
032860,1999-11-08,14195935,16749154,14195935,14583652,13805
032860,1999-11-09,14685265,14685265,13273532,14325784,2435
032860,1999-11-10,14187940,14187940,13480974,14078032,1555
032860,1999-11-11,12428180,14181075,12428180,14181179,6500
032860,1999-11-12,12627119,14723130,12534227,13675559,2230
032860,1999-11-15,12563600,12859789,12152636,12860099,8450
032860,1999-11-16,12854444,12854444,12649195,12653606,150
032860,1999-11-17,12859789,13884321,12266915,12860099,2180
032860,1999-11-18,12686912,12686912,11365901,11342841,10
032860,1999-11-19,12463133,12463133,11550679,12147985,1025
032860,1999-11-22,13602055,13602055,13487745,13469065,100
032860,1999-11-23,12157091,13545702,11975181,12612347,25385
032860,1999-11-24,11375920,13109569,11375920,11446186,175
032860,1999-11-25,10431303,12071625,10431303,11642167,400
032860,1999-11-26,10344443,12166665,10297764,12147985,2075
032860,1999-11-29,10750862,11661126,10750862,11642167,755
032860,1999-11-30,11661126,11661126,11661126,11642167,15
032860,1999-12-01,10286678,11651950,10286678,11497760,860
032860,1999-12-02,10146028,10512234,10146028,10125106,575
032860,1999-12-03,8927238,11365901,8927238,11342841,6375
032860,1999-12-06,10050995,11166756,10050995,10940368,1770
032860,1999-12-07,9832324,10630448,9832324,10630727,505
032860,1999-12-08,10141834,10141834,9640147,9619288,915
032860,1999-12-09,8630867,10588980,8469879,8607848,6860
032860,1999-12-10,9545794,9545794,7609035,9412794,1110
032860,1999-12-13,8287830,9951958,8287830,9928928,3095
032860,1999-12-14,9940778,10146028,9940778,10125106,1575
032860,1999-12-15,9951958,9951958,9951958,9928928,500
032860,1999-12-16,9136499,9136499,9136499,9113469,1200
032860,1999-12-17,8061411,9951958,8038041,9928928,700
032860,1999-12-20,10044811,10044811,10044811,10021761,520
032860,1999-12-21,9640147,9640147,9640147,9619288,0
032860,1999-12-22,8509568,9216473,8509568,9216814,26745
032860,1999-12-23,9140631,10050863,9140631,9619288,42030
032860,1999-12-24,9128412,9515789,9014102,9516140,4050
032860,1999-12-27,9128412,9515789,9128412,9516140,6335
032860,1999-12-28,9136499,9636294,9136499,9113469,5685
032860,2000-01-04,9136499,9136499,9136499,9113469,0
032860,2000-01-05,9136499,9227500,8931280,9113469,2775
032860,2000-01-06,9216473,9739361,9216473,9216814,3275
032860,2000-01-07,9437037,9640147,9140631,9619288,3065
032860,2000-01-10,9216473,9216473,9216473,9216814,2475
032860,2000-01-11,9136499,9227500,9136499,9113469,2785
032860,2000-01-12,9644341,10146028,9644341,10125106,2215
032860,2000-01-13,11155298,11155298,11155298,11136546,65
032860,2000-01-14,11155298,11155298,11155298,11136546,500
032860,2000-01-17,11258683,11258683,11258683,11239693,100
032860,2000-01-18,11155298,11155298,11155298,11136546,20
032860,2000-01-19,9844430,9844430,9844430,9825781,55
032860,2000-01-20,9640147,9640147,8660083,9619288,15
032860,2000-01-21,8467876,9515789,8467876,9516140,10
032860,2000-01-24,8605525,9515789,8605525,9516140,60
032860,2000-01-25,8401637,8401637,8401637,8380726,2195
032860,2000-01-26,9216473,9216473,7394023,9216814,2180
032860,2000-01-27,9216473,9216473,9216473,9216814,5
032860,2000-01-28,8251536,9640147,8251536,9619288,475
032860,2000-01-31,10742557,10742557,8467053,10630727,45
032860,2000-02-01,11661126,11752097,11661126,11642167,65
032860,2000-02-02,11151402,12859789,10287816,12860099,655
032860,2000-02-03,14103672,14103672,11415189,12147985,565
032860,2000-02-07,10799511,10799511,10752833,10733874,1000
032860,2000-02-08,10742557,11153304,9491596,10630727,1395
032860,2000-02-09,10835765,10835765,9377633,9629602,5775
032860,2000-02-10,9595138,9595138,8750552,8731625,1035
032860,2000-02-11,8766279,9632033,8766279,9608973,2095
032860,2000-02-14,8472959,10752833,8472959,10733874,3425
032860,2000-02-15,11162516,11162516,9477469,9774009,4305
032860,2000-02-16,8614684,10598153,8614684,10579153,730
032860,2000-02-17,9346410,10144563,9346410,9598658,7270
032860,2000-02-18,9797271,10754245,9797271,10434747,4390
032860,2000-02-21,10128513,10630448,10128513,10630727,350
032860,2000-02-22,10465806,10465806,9392384,9371535,3450
032860,2000-02-23,8272706,9640147,8272706,9619288,1090
032860,2000-02-24,10136867,10752833,9931588,10733874,3065
032860,2000-02-25,11656768,11997962,11155298,11136546,6450
032860,2000-02-28,12171774,12468242,10144075,11033200,5570
032860,2000-02-29,12171874,12377092,9731032,12354280,12345
032860,2000-03-02,13565557,13838904,13178181,13819965,11340
032860,2000-03-03,13890741,15461293,13890741,15440371,9225
032860,2000-03-06,17288100,17288100,17288100,17267270,8245
032860,2000-03-07,19308858,19308858,15413987,19290148,48075
032860,2000-03-08,19516332,20267806,17033408,19042396,46340
032860,2000-03-09,18237052,21173310,17030322,19238576,50065
032860,2000-03-10,19252444,19252444,17726432,18433430,20440
032860,2000-03-13,17733154,18848916,17231716,17824662,31580
032860,2000-03-14,16321132,17527606,15705136,16503384,21895
032860,2000-03-15,16412468,18508230,16209357,18485202,26665
032860,2000-03-16,20666390,20666390,16726976,18939250,31400
032860,2000-03-17,19764122,20767494,17441908,18629608,23440
032860,2000-03-20,18646674,20877700,18646674,20858980,31570
032860,2000-03-21,23365142,23365142,23365142,23346420,14445
032860,2000-03-22,26141642,26141642,26141642,26122672,1080
032860,2000-03-23,29218766,29218766,29218766,29219076,9395
032860,2000-03-24,32728498,32728498,32728498,32707640,2570
032860,2000-03-27,36632024,36632024,36471032,36608992,56745
032860,2000-03-28,40960208,40960208,38479112,40964588,122090
032860,2000-03-29,45872972,45872972,45872972,45877380,10695
032860,2000-03-30,51366536,51366536,51366536,51347564,27940
032860,2000-03-31,57411740,57411740,57411740,57416400,3050
032860,2000-04-03,64306368,64306368,64306368,64310812,550
032860,2000-04-04,72021888,72021888,56634348,56611256,59225
032860,2000-04-06,49840884,49840884,49840884,49819992,8480
032860,2000-04-07,43867216,55818796,43867216,55795992,292620
032860,2000-04-10,59772004,62502828,56219972,62484108,65500
032860,2000-04-11,60665164,69972528,54998336,69977176,121625
032860,2000-04-12,78285448,78285448,78285448,78285696,34265
032860,2000-04-14,87618344,87618344,80016736,87595344,66355
032860,2000-04-17,77166472,96715416,77166472,77170912,355155
032860,2000-04-18,75974808,86399912,67985768,73930096,368600
032860,2000-04-19,74039808,80936176,65140720,65621576,224510
032860,2000-04-20,64933656,73445368,64319828,73424480,289610
032860,2000-04-21,73958256,80945848,64625080,65012808,282325
032860,2000-04-24,65038860,66245596,57234320,57829188,98755
032860,2000-04-25,52864952,55709808,50953208,50934776,94355
032860,2000-04-26,52073460,57035492,49228640,53669768,244790
032860,2000-04-27,55222504,58158828,47619224,52359004,210120
032860,2000-04-28,52383352,54705564,46100524,46579180,102870
032860,2000-05-02,45589664,49643108,41538080,44865940,228710
032860,2000-05-03,45291732,50253824,43153876,50232976,211910
032860,2000-05-04,51669424,54696620,48119588,49417516,262480
032860,2000-05-08,52377712,54905180,50648404,52359004,143810
032860,2000-05-09,51461272,54191848,48616236,50532104,99280
032860,2000-05-10,48608008,56503512,48608008,56508108,207835
032860,2000-05-12,56125824,62817232,56125824,59449592,154385
032860,2000-05-15,59264384,65341676,52367696,53669768,113260
032860,2000-05-16,54703316,58754836,47622576,55795992,144190
032860,2000-05-17,56219972,62502828,56219972,62484108,200480
032860,2000-05-18,69972528,69972528,66831264,69977176,65290
032860,2000-05-19,78276648,78276648,61664004,61668652,492800
032860,2000-05-22,54297664,58734208,54297664,54278736,47700
032860,2000-05-23,47815792,47815792,47815792,47797112,8175
032860,2000-05-24,42079148,42079148,42079148,42079176,1340
032860,2000-05-25,37078256,47116160,37078256,47095312,230555
032860,2000-05-26,47111224,48612252,41489176,41470208,137855
032860,2000-05-29,36579520,44090248,36579520,37672004,98785
032860,2000-05-30,38484496,41828864,38097088,40510344,103780
032860,2000-05-31,41533888,44969508,41533888,43039040,106430
032860,2000-06-01,43071072,43071072,39315456,40613688,114540
032860,2000-06-02,42546048,42658404,38037068,41521784,125770
032860,2000-06-05,41531668,45968740,41531668,43947332,164200
032860,2000-06-07,43443384,46584704,42533152,43947332,134960
032860,2000-06-08,44580956,45103808,38706428,38683644,90645
032860,2000-06-09,39417852,41443656,38689744,40510344,80050
032860,2000-06-12,40527292,41871608,38160508,40004724,73005
032860,2000-06-13,39800440,44762284,39800440,44762596,131505
032860,2000-06-14,45596368,49442668,39516868,41521784,221930
032860,2000-06-15,42047100,46509380,39816072,46486348,229690
032860,2000-06-16,46506632,48623380,40928848,41521784,160205
032860,2000-06-19,40508752,42284768,39598456,40149128,53810
032860,2000-06-20,38597300,42035012,38597300,40149128,87175
032860,2000-06-21,39219392,41244952,39219392,40407196,59740
032860,2000-06-22,39802800,41032852,39007096,39189264,53245
032860,2000-06-23,38279428,40009036,38188484,38580296,28415
032860,2000-06-26,37566696,41025620,37566696,38889936,50245
032860,2000-06-27,36467156,40518956,36467156,39086116,20660
032860,2000-06-28,38484496,41534844,38484496,40510344,70720
032860,2000-06-29,38999832,40911344,37975300,38889936,52500
032860,2000-06-30,39966488,40535808,38510316,38993284,34055
032860,2000-07-03,39507552,41328080,38482976,40149128,47680
032860,2000-07-04,40174496,44977492,40174496,44958772,154670
032860,2000-07-05,45601156,48630556,39614788,39591736,137655
032860,2000-07-06,39518720,44071744,35056484,40706524,76000
032860,2000-07-07,41534844,43467512,39508788,40510344,56095
032860,2000-07-10,39607208,45390520,39607208,45371560,72985
032860,2000-07-11,47118640,50759412,43066776,50738596,122295
032860,2000-07-12,50753164,56828324,50753164,56807432,118635
032860,2000-07-13,57733996,61785552,50041360,50841744,226610
032860,2000-07-14,51174788,52792236,46098660,46486348,165145
032860,2000-07-18,45584152,52072384,45584152,52049364,123815
032860,2000-07-19,52787024,58250588,50056276,58231660,145315
032860,2000-07-20,58162084,63329476,51674072,52152708,228310
032860,2000-07-21,52686080,58352664,52480608,56714600,143875
032860,2000-07-24,58771732,63322800,58041484,59955412,210355
032860,2000-07-25,60763604,61080964,54686056,55393520,187195
032860,2000-07-26,54813408,57544200,51671904,53060804,102145
032860,2000-07-27,53082168,58249484,53082168,55290176,126455
032860,2000-07-28,55307148,59767280,49684860,52462152,154635
032860,2000-07-31,53685520,55711576,48632764,51956532,78915
032860,2000-08-01,50639332,55713784,50639332,53370444,95710
032860,2000-08-02,54686056,57234936,53890072,55393520,86010
032860,2000-08-03,56513964,61680996,55717948,57519548,146395
032860,2000-08-04,59234296,64399440,58027808,64403840,138160
032860,2000-08-07,71916800,72122080,68366936,72103400,103915
032860,2000-08-08,73734880,77284712,66042488,69368208,276900
032860,2000-08-09,70296112,74439112,65835964,67747800,103835
032860,2000-08-10,69884272,75845400,69065008,75849832,107730
032860,2000-08-11,79606008,84885192,66839232,66839508,394540
032860,2000-08-14,62795800,67869976,58949776,61771796,310325
032860,2000-08-16,62798752,64325012,59157728,60254736,227350
032860,2000-08-17,61299072,67467400,61299072,67448472,340680
032860,2000-08-18,67371368,75360128,66869616,68057440,341780
032860,2000-08-21,69892704,73125208,67549352,69874024,128530
032860,2000-08-22,71918424,78200952,65843280,78182544,243660
032860,2000-08-23,81025008,87510888,78999200,87492192,324200
032860,2000-08-24,92577208,97947568,92168912,97926744,67450
032860,2000-08-25,109393784,109393784,106345544,109372928,23590
032860,2000-08-28,122045416,122045416,122045416,122026536,10605
032860,2000-08-29,136236192,136236192,107878704,107855672,408850
032860,2000-08-30,107860416,110387912,95208128,100765080,499960
032860,2000-08-31,101268736,104319296,88728616,88709928,233940
032860,2000-09-01,86413888,95222144,84684368,88008128,428140
032860,2000-09-04,89140536,92167568,77580752,81020688,248125
032860,2000-09-05,81012392,90728608,75140520,90733008,489040
032860,2000-09-06,96214680,98240728,81034920,82537944,427580
032860,2000-09-07,82129680,82129680,72731112,72712360,208650
032860,2000-09-08,64835308,73937480,64016232,64816628,224580
032860,2000-09-14,63404392,71120368,63404392,67551824,250320
032860,2000-09-15,63821908,71925008,63525504,64713484,222480
032860,2000-09-18,64724996,64724996,57032608,57013928,71405
032860,2000-09-19,50664324,52986536,50253824,50232976,109055
032860,2000-09-20,56233580,56233580,52524832,53731656,193375
032860,2000-09-21,50630380,53725208,47332408,47332752,112075
032860,2000-09-22,45135252,45818888,41697584,41676704,58360
032860,2000-09-25,36787760,46486864,36720160,45784548,260715
032860,2000-09-26,45937256,51057616,43797204,49830304,158400
032860,2000-09-27,47009956,55087804,47009956,54000040,123520
032860,2000-09-28,55223816,60482128,55223816,60461032,167785
032860,2000-09-29,64529396,67624216,61957668,67603392,120915
032860,2000-10-02,67614496,75419208,63312936,63836136,271230
032860,2000-10-04,63693608,70565032,63033140,67335016,270540
032860,2000-10-05,71366000,72731304,65995604,66385460,142920
032860,2000-10-06,66413464,68439488,61951132,64775372,133030
032860,2000-10-09,63279908,66785296,61277280,63557436,79135
032860,2000-10-10,62235232,65878488,60620232,62349820,79020
032860,2000-10-11,62634840,69781216,61974268,69760368,319150
032860,2000-10-12,70042496,78122304,64648828,67066632,369170
032860,2000-10-13,68037048,68037048,59067968,59047120,200415
032860,2000-10-16,64654736,64654736,61422256,61947348,88370
032860,2000-10-17,61956280,61956280,54559828,54536800,112755
032860,2000-10-18,49848912,57655860,49848912,54402712,103690
032860,2000-10-19,57127956,57127956,52530204,53195092,59785
032860,2000-10-20,53206124,58464196,53206124,55486352,135440
032860,2000-10-23,53999440,62077276,53999440,62081440,221380
032860,2000-10-24,69521008,69521008,58206560,60461032,602810
032860,2000-10-25,61164552,63577704,58728028,60595324,174005
032860,2000-10-26,60632756,63865292,57241708,58448468,189285
032860,2000-10-27,58458556,60348868,55363700,55888828,114280
032860,2000-10-30,55344620,57232964,51839232,51977160,103425
032860,2000-10-31,52006672,55237012,45791724,53463472,167755
032860,2000-11-01,51736524,55902420,51736524,54268420,105885
032860,2000-11-02,54554132,59264012,54554132,54670892,192660
032860,2000-11-03,54955152,57503784,54136076,55888828,164955
032860,2000-11-06,56705052,62551620,55885756,62556312,248360
032860,2000-11-07,62699980,65339892,56692448,57901392,405040
032860,2000-11-08,59396816,64837260,57713908,64837260,487665
032860,2000-11-09,66939828,72608888,66144120,70699600,621905
032860,2000-11-10,69642520,72328824,64522096,65982988,508855
032860,2000-11-13,62910572,63183916,58130912,58107884,316710
032860,2000-11-14,56712156,64381420,56712156,61947348,409490
032860,2000-11-15,63308460,65310892,59258828,60533436,320070
032860,2000-11-16,60011436,64653480,59533060,61813256,294450
032860,2000-11-17,61962104,64534104,61028772,62349820,260095
032860,2000-11-20,63391156,65463424,62366364,64506988,331910
032860,2000-11-21,64374912,70702064,63555616,65446224,620690
032860,2000-11-22,66009776,66691484,59545072,59594196,262250
032860,2000-11-23,58575744,61831592,52523456,53865948,226550
032860,2000-11-24,52528348,56577980,52528348,54670892,184355
032860,2000-11-27,54697120,56587456,54697120,56291300,129510
032860,2000-11-28,56572856,56572856,54138500,55207656,111910
032860,2000-11-29,53865608,57165960,50497680,53865948,162315
032860,2000-11-30,54548060,55208596,49835972,51843068,89740
032860,2000-12-01,47819224,51460588,47819224,50232976,113825
032860,2000-12-04,51455624,52389008,48883652,50501160,94295
032860,2000-12-05,51187212,51187212,49434500,50232976,57350
032860,2000-12-06,51175844,52928556,50242056,50769540,136255
032860,2000-12-07,49503572,51461436,48570184,50098688,75100
032860,2000-12-08,50184340,55099692,48886700,51708780,218330
032860,2000-12-11,53882724,53882724,51331952,52451836,110190
032860,2000-12-12,53204536,54411224,51043244,51977160,125730
032860,2000-12-13,51993676,57252176,50649356,54134328,310755
032860,2000-12-14,54139552,60602116,53341400,56828064,508230
032860,2000-12-15,57117388,58597184,52132416,52524236,147040
032860,2000-12-18,53627220,54833948,50782152,51172016,126075
032860,2000-12-19,51175448,52519820,47261576,47539044,113275
032860,2000-12-20,44996744,45407244,41901916,41883196,114115
032860,2000-12-21,37054332,38396296,36916716,36898004,89340
032860,2000-12-22,32521704,38667128,32521704,32521776,142815
032860,2000-12-26,30901706,33928684,28831390,29219076,83780
032860,2001-01-02,26980202,32695416,26980202,32676696,106290
032860,2001-01-03,32215330,36586484,30507190,36567732,135050
032860,2001-01-04,39531688,40964884,39258592,40943960,102520
032860,2001-01-05,41807264,44061660,38119740,40943960,144280
032860,2001-01-08,40938544,43556696,39960652,43059672,128585
032860,2001-01-09,43764964,48022016,42352984,46021788,214925
032860,2001-01-10,49443028,49443028,40541540,40520660,228705
032860,2001-01-11,42369824,43074572,39524724,42213464,69790
032860,2001-01-12,40938544,44626060,40938544,43059672,127880
032860,2001-01-15,42358264,46615096,42358264,43338368,182645
032860,2001-01-16,43759568,46604668,41166428,44329176,251480
032860,2001-01-17,44498972,49642732,44338264,49624012,484580
032860,2001-01-18,50841872,52797848,45175012,45175580,297290
032860,2001-01-19,43929128,46454420,43768108,43906076,131800
032860,2001-01-22,44207240,45686820,44207240,45030976,129615
032860,2001-01-26,43771960,47869912,43066912,44752280,208910
032860,2001-01-29,45893656,49149284,45620336,47146888,255795
032860,2001-01-30,47868752,50760252,45616584,47714592,255495
032860,2001-01-31,47764232,48879748,45215540,45670888,138290
032860,2001-02-01,46125832,46466596,44076720,45670888,111220
032860,2001-02-02,46171432,49766024,45602112,47859000,280245
032860,2001-02-05,48727340,52118352,46316044,46589492,259565
032860,2001-02-06,46592232,47731084,45180560,46300484,93440
032860,2001-02-07,46749440,49435536,46317584,46868192,137335
032860,2001-02-08,46528788,50694616,46188056,49128508,304130
032860,2001-02-09,49144188,49576104,47870104,48416392,115435
032860,2001-02-12,48425112,54206036,47993192,54206532,425735
032860,2001-02-13,55092704,56502484,51564008,53226036,284875
032860,2001-02-14,53242844,59184720,53242844,56043744,368900
032860,2001-02-15,55779996,58032444,54368048,54918644,167470
032860,2001-02-16,54932512,57822088,53861712,56188152,280780
032860,2001-02-19,55792068,61869368,55792068,59005860,291475
032860,2001-02-20,59011920,59718888,54369844,54350940,368555
032860,2001-02-21,53802956,54076336,50981472,51667520,176340
032860,2001-02-22,51556628,51556628,48301032,48282104,120685
032860,2001-02-23,46011488,49561568,46011488,47993292,110105
032860,2001-02-26,48726012,51617544,48726012,50119316,127280
032860,2001-02-27,50144680,51395924,48027936,48282104,62530
032860,2001-02-28,47581460,48423876,46603316,47859000,39095
032860,2001-03-02,46675980,49567544,44559292,45175580,90295
032860,2001-03-05,42915756,46577984,42778112,45877380,56400
032860,2001-03-06,46177236,49841632,46177236,46723784,105305
032860,2001-03-07,47457520,50281172,46820356,48984100,184525
032860,2001-03-08,53543004,53543004,50627916,51904956,121870
032860,2001-03-09,51910576,53528028,49476252,51254732,168295
032860,2001-03-12,49984372,50782248,47867620,47848684,105315
032860,2001-03-13,44613712,47231896,43817508,43957648,130765
032860,2001-03-14,44455552,46002916,44455552,45413020,65765
032860,2001-03-15,44616092,44616092,42179600,44277604,66180
032860,2001-03-16,43087888,45911820,43087888,45093064,49585
032860,2001-03-19,45118892,47805172,43888852,46393512,89845
032860,2001-03-20,48685476,49504548,45429688,45908324,76625
032860,2001-03-21,44803180,46989976,44303412,45578056,70795
032860,2001-03-22,45435804,46731336,45025052,45413020,61620
032860,2001-03-23,46979124,46979124,45431664,45660572,65330
032860,2001-03-26,45909200,49484792,44954952,47848684,139255
032860,2001-03-27,48026016,48525536,46887196,47528732,67750
032860,2001-03-28,48673088,53200816,47534512,50201836,371635
032860,2001-03-29,50211432,52078360,47389672,48984100,136625
032860,2001-03-30,48692292,51287884,48190820,50449588,115990
032860,2001-04-02,50311464,51767676,48854944,49469092,87520
032860,2001-04-03,48742132,50289532,47696388,48333876,90090
032860,2001-04-04,47220868,48175640,42987160,42987468,121340
032860,2001-04-06,43804448,45419756,42824384,43307424,73205
032860,2001-04-09,43816900,44773628,42178532,42657200,66505
032860,2001-04-10,42572940,44278968,39751208,40551604,91500
032860,2001-04-11,42365812,42365812,40088104,41367064,102320
032860,2001-04-12,42808356,44402184,41284264,42698456,118825
032860,2001-04-13,42975964,43953856,41904712,42430076,73830
032860,2001-04-16,42967140,43879324,41898068,42698456,83850
032860,2001-04-17,41556256,43330096,37639904,42079176,63805
032860,2001-04-18,42255300,46008244,42073108,44215716,146600
032860,2001-04-19,45483284,47441212,44412028,45464592,114205
032860,2001-04-20,46357752,46357752,44059096,44040168,72335
032860,2001-04-23,43697716,45291544,43697716,44927828,70920
032860,2001-04-24,44212988,44941316,43326284,44308548,50550
032860,2001-04-25,43705180,47801240,43705180,46713468,225490
032860,2001-04-26,48169316,48169316,45301156,45464592,94400
032860,2001-04-27,45483284,46552116,44776348,45464592,48340
032860,2001-04-30,45840792,46545556,45112656,45639944,65215
032860,2001-05-02,45476724,46909844,45476724,45639944,83870
032860,2001-05-03,45660340,46274228,44591320,44659448,43860
032860,2001-05-04,44575904,45918056,44302808,45103380,45010
032860,2001-05-07,44758064,45462832,44575904,45103380,69300
032860,2001-05-08,44587664,47000532,44587664,45639944,106215
032860,2001-05-09,46351892,46715992,44758064,45103380,85320
032860,2001-05-10,44758064,45462832,44029924,45103380,133435
032860,2001-05-11,45136048,49756856,44589820,47962148,368230
032860,2001-05-14,48163024,50394024,47798712,47962148,153615
032860,2001-05-15,48169316,48169316,44594216,45464592,94945
032860,2001-05-16,45648640,46285836,44761776,45289044,56800
032860,2001-05-17,45564892,46110868,44857736,44927828,85525
032860,2001-05-18,44955040,45480096,44409096,44752280,58835
032860,2001-05-21,45464712,45555652,44759700,45196212,73520
032860,2001-05-22,45653968,46085636,44764904,44834996,61130
032860,2001-05-23,45294660,45294660,44316548,44566616,49305
032860,2001-05-24,44046384,46916716,43705440,45371560,103525
032860,2001-05-25,45291544,45928712,44584608,44927828,47825
032860,2001-05-28,45021468,46022672,45021468,45639944,58985
032860,2001-05-29,46353772,46353772,45191580,45196212,69390
032860,2001-05-30,46350924,50537956,46169044,50542616,870745
032860,2001-05-31,50578760,50828520,47437468,48942840,358925
032860,2001-06-01,50297184,51550100,49045944,49118192,442665
032860,2001-06-04,48226896,49844308,46544200,47776484,183930
032860,2001-06-05,48150992,48150992,45100644,45196212,98590
032860,2001-06-07,45475812,47889212,45135052,46001156,146515
032860,2001-06-08,45483284,46643304,45301156,45464592,103375
032860,2001-06-11,46182216,46978200,45841488,46527604,77295
032860,2001-06-12,46363700,49504960,45658624,47962148,183395
032860,2001-06-13,48312708,49472700,46900728,48313244,112945
032860,2001-06-14,48695848,51564260,48082052,49561924,334095
032860,2001-06-15,48332028,50653996,48332028,49561924,125825
032860,2001-06-18,49566088,51181368,49314132,50635452,149225
032860,2001-06-19,49504960,50643780,47707772,47962148,136365
032860,2001-06-20,48328920,48511080,45665980,46352056,101080
032860,2001-06-21,46364844,47093008,45931004,46001156,65295
032860,2001-06-22,45651560,47336420,45651560,46176708,51980
032860,2001-06-25,45841488,47069172,45841488,46527604,57205
032860,2001-06-26,46908240,47090340,42354992,42791288,84775
032860,2001-06-27,42441668,42441668,41008544,41717960,63830
032860,2001-06-28,41024372,43528744,41024372,42254724,29125
032860,2001-06-29,42796436,43524572,42453320,43410572,36130
032860,2001-07-02,43068764,43342112,42088744,42523108,32400
032860,2001-07-03,42622728,44055880,42622728,43328052,31910
032860,2001-07-04,42804856,43782780,42622728,43328052,32620
032860,2001-07-05,43708020,48511080,43708020,46352056,302105
032860,2001-07-06,46025052,47982948,43864048,44391064,171950
032860,2001-07-09,44415228,44779264,41021980,41274228,65430
032860,2001-07-10,40659060,42798900,40659060,41893512,36330
032860,2001-07-11,39238900,40307972,38351964,39220208,76675
032860,2001-07-12,39428448,41727104,39428448,41181200,66630
032860,2001-07-13,41197032,41901832,38351964,39220208,56865
032860,2001-07-16,39238900,40216748,38510780,39220208,29715
032860,2001-07-18,38351232,40832268,38351232,38332544,69060
032860,2001-07-19,37280260,38691964,35938328,38332544,49380
032860,2001-07-20,38362284,38362284,36586028,36908316,19820
032860,2001-07-23,35670868,37106156,33894852,33874000,32225
032860,2001-07-24,33889852,34776780,31203790,34235212,44435
032860,2001-07-25,33064204,34590496,32541378,33068854,27585
032860,2001-07-26,33341846,34777416,33068998,34049352,43605
032860,2001-07-27,33101870,35309560,33101870,34586112,45565
032860,2001-07-30,34594620,35141064,33981072,34235212,40290
032860,2001-07-31,34352048,37470216,34079168,36196204,50985
032860,2001-08-01,36920464,37466876,35667548,37083868,61530
032860,2001-08-02,37092988,37706816,36204176,36547104,47100
032860,2001-08-03,36374128,36920324,36033368,36010340,22310
032860,2001-08-06,36217084,37106180,35579920,36196204,31000
032860,2001-08-07,35239188,36217084,35239188,36196204,15050
032860,2001-08-08,36205768,36205768,35136684,35391060,25195
032860,2001-08-09,35312220,36040296,34789332,35566608,29925
032860,2001-08-10,35152760,36223984,34970600,35927824,46465
032860,2001-08-13,36311492,39863528,36311492,37795980,280175
032860,2001-08-14,38360204,38360204,36220336,36815484,72105
032860,2001-08-16,35669980,36829784,34780852,35741960,56080
032860,2001-08-17,35851860,36124988,35305944,35741960,49860
032860,2001-08-20,35057040,35057040,33803880,33874000,62525
032860,2001-08-21,33896504,34512748,33350588,33966832,30010
032860,2001-08-22,33530532,34237748,33166744,33874000,23890
032860,2001-08-23,33439594,34783944,33439594,33874000,21580
032860,2001-08-24,33903380,34699336,33014288,33698452,56820
032860,2001-08-27,33804580,34236528,33440326,33512586,22270
032860,2001-08-28,33182460,33887472,32636262,33254718,36535
032860,2001-08-29,33191500,33282442,31756210,31737460,44445
032860,2001-08-30,30687612,32463396,30687612,31644628,23980
032860,2001-08-31,30492742,31561794,27899600,27990830,65320
032860,2001-09-03,28005050,28915316,27482192,28259210,29610
032860,2001-09-04,29424398,29424398,28173416,28878492,56635
032860,2001-09-05,28354576,28809866,27647640,27990830,32895
032860,2001-09-06,27664076,29257938,27664076,28352044,74490
032860,2001-09-07,27664352,28369120,27664352,28259210,40720
032860,2001-09-10,27829234,28625426,27829234,28083860,35735
032860,2001-09-11,28088830,29430762,28088830,28702944,57950
032860,2001-09-12,25338606,25338606,25338606,25317726,5295
032860,2001-09-13,22397550,24080458,22397550,23356734,112875
032860,2001-09-14,23549938,23824988,20611480,20590600,83875
032860,2001-09-17,19891804,19891804,18185586,18185876,33310
032860,2001-09-18,17152000,19453044,16969872,18454258,165890
032860,2001-09-19,18555250,20149326,18373586,18536776,89695
032860,2001-09-20,19103168,19534836,18192904,18897990,91305
032860,2001-09-21,19095820,19095820,17296462,18185876,31085
032860,2001-09-24,17846966,19440824,17846966,19259204,56625
032860,2001-09-25,20513394,20513394,18555250,18536776,51950
032860,2001-09-26,18282368,19262402,18009272,18536776,39860
032860,2001-09-27,19270886,19270886,18041094,18454258,32910
032860,2001-09-28,18120032,19371024,18120032,19259204,55365
032860,2001-10-04,19892544,21486372,19892544,21395744,78400
032860,2001-10-05,21058714,21240624,20262728,20239700,38725
032860,2001-10-08,18833170,20609124,18741982,19517272,30625
032860,2001-10-09,20088348,21250540,20088348,20683432,52330
032860,2001-10-10,21060096,23109212,21060096,23088352,108025
032860,2001-10-11,23802676,25849838,23802676,25854488,120350
032860,2001-10-12,28878420,28878420,27102196,28878492,294710
032860,2001-10-15,28369908,32104074,26502950,31376246,280625
032860,2001-10-16,30312994,34955004,30312994,30313034,289885
032860,2001-10-17,31211888,31939992,29526810,29508088,104360
032860,2001-10-18,28725962,31752974,27745712,28702944,163165
032860,2001-10-19,27743594,31566778,27743594,29951820,242245
032860,2001-10-22,30857338,31835200,29603926,30220202,140380
032860,2001-10-23,30687076,31391844,28978938,29415256,116510
032860,2001-10-24,29438182,30507264,28731276,30488584,83185
032860,2001-10-25,31746580,33884736,30586560,31200696,356805
032860,2001-10-26,31223224,31746112,30061034,30313034,122340
032860,2001-10-29,30689174,31760396,29529160,30488584,61895
032860,2001-10-30,29076304,29440092,28187208,28259210,77190
032860,2001-10-31,28276028,30143234,28093870,28166378,98780
032860,2001-11-01,28556506,30696592,28372178,30127368,191530
032860,2001-11-02,30147170,30672260,28714332,29332538,70655
032860,2001-11-05,29795192,30500194,29248964,29776470,62260
032860,2001-11-06,30311976,33339204,29947908,30839482,271095
032860,2001-11-07,31381766,31381766,30152004,30313034,78320
032860,2001-11-08,30313860,33613940,30313860,30932316,350565
032860,2001-11-09,31032852,32559328,30328054,31376246,107520
032860,2001-11-12,34975144,35157056,32379554,32356742,188730
032860,2001-11-13,32097472,33712748,30412392,31551596,123760
032860,2001-11-14,32100082,33077978,31575088,32532092,97050
032860,2001-11-15,32087708,32544888,30860056,30932316,90005
032860,2001-11-16,30409754,31936014,29954746,30664132,69090
032860,2001-11-19,29878908,31381766,29878908,30313034,79730
032860,2001-11-20,30405048,31291972,30405048,30932316,72290
032860,2001-11-21,30507264,31760396,30507264,30488584,58480
032860,2001-11-22,30500194,31137330,29795192,29776470,86210
032860,2001-11-23,29806810,30329666,28553648,29146874,107080
032860,2001-11-26,29433194,29888236,28546272,28527592,61965
032860,2001-11-27,28088830,29248882,28088830,28702944,43920
032860,2001-11-28,28807982,29081110,27213872,27897996,39485
032860,2001-11-29,26226432,28366520,26226432,27278716,27955
032860,2001-11-30,27485756,28554590,27303598,27371548,25430
032860,2001-12-03,27479178,28183974,27114892,27547098,22110
032860,2001-12-04,27378838,27810756,26398774,26741952,60665
032860,2001-12-05,26936212,27643396,26572144,26917502,49240
032860,2001-12-06,27120296,27484298,26415248,27010334,75350
032860,2001-12-07,27629328,28448618,27106470,27629616,70630
032860,2001-12-10,28084304,28084304,27015500,27629616,32935
032860,2001-12-11,27300528,27825522,26936212,26917502,28470
032860,2001-12-12,26751212,27297468,26751212,27278716,17575
032860,2001-12-13,27480076,28731284,27298134,28166378,60430
032860,2001-12-14,28371520,30147788,27825542,29146874,171295
032860,2001-12-17,29166748,29806054,27939098,28352044,33430
032860,2001-12-18,28895982,28895982,26916638,27103166,77825
032860,2001-12-19,27315362,28022298,23900974,24337230,118585
032860,2001-12-20,24981768,25618934,24458914,24780962,34720
032860,2001-12-21,24437690,24437690,23004818,23532086,25225
032860,2001-12-24,22660772,24004904,22660772,22912804,31765
032860,2001-12-26,23011376,24171398,23011376,23356734,18745
032860,2001-12-27,25655478,25655478,23629700,25090602,29730
032860,2001-12-28,24747118,26021450,24564992,25183436,24600
032860,2002-01-02,25662316,25935414,25025182,25823346,16845
032860,2002-01-03,27139042,27139042,25204238,25276466,17430
032860,2002-01-04,25298278,25844442,25025182,25823346,15250
032860,2002-01-07,25477334,25659492,25022296,25276466,23865
032860,2002-01-08,24936796,26122576,24754916,25462132,23190
032860,2002-01-09,25478900,25660810,24568418,24636556,25445
032860,2002-01-10,24663004,25300232,24025868,24915252,15055
032860,2002-01-11,24934050,25300256,24843110,24822220,12000
032860,2002-01-14,24930982,24930982,24202844,24275342,13610
032860,2002-01-15,24292240,24565088,23928140,24182310,20080
032860,2002-01-16,24022518,24568742,23658480,23635430,23290
032860,2002-01-17,23077718,23644864,22531522,23078038,20965
032860,2002-01-18,23282424,24192720,22895048,23263704,5685
032860,2002-01-21,22893698,23440142,22529878,22985206,8885
032860,2002-01-22,22710552,23006772,22528424,22623992,23225
032860,2002-01-23,23014874,23197002,22559588,22809656,16500
032860,2002-01-24,22897000,24376364,22350804,24357860,34640
032860,2002-01-25,24379996,25381200,23264266,23810782,60235
032860,2002-01-28,23834386,24744652,23470320,24543524,19060
032860,2002-01-29,24560878,24833730,23445120,24450692,28520
032860,2002-01-30,24471552,26291864,24471552,24543524,101465
032860,2002-01-31,24931110,25841372,24567040,25276466,40520
032860,2002-02-01,24933894,25935096,24933894,25916376,33490
032860,2002-02-04,26203266,28959286,26021140,28940380,176025
032860,2002-02-05,29132660,29132660,26924972,28021774,103230
032860,2002-02-06,27688802,30991298,27233794,29033214,156585
032860,2002-02-07,28783984,29808558,25572676,26009210,71910
032860,2002-02-08,25208962,26324476,24753708,25008084,30990
032860,2002-02-14,25022168,26228620,22562554,24275342,77465
032860,2002-02-15,23442978,25650882,23442978,24357860,83115
032860,2002-02-18,24572064,25484498,24572064,24915252,32860
032860,2002-02-19,25834222,26949734,25106086,26380738,30540
032860,2002-02-20,26392592,26665720,25207060,25823346,32425
032860,2002-02-21,25849230,26213330,25394222,25462132,30450
032860,2002-02-22,25645734,28490804,25554548,26556288,125970
032860,2002-02-25,27106830,27858306,26469418,27289030,65850
032860,2002-02-26,27288990,28222344,26560636,27289030,46330
032860,2002-02-27,27494238,27767334,26560636,27289030,37380
032860,2002-02-28,26859106,27496272,26859106,27113482,41995
032860,2002-03-04,27133320,28225494,26951408,27567726,50585
032860,2002-03-05,28407968,28407968,27404598,27474894,37830
032860,2002-03-06,27860340,28042466,27041048,27113482,38755
032860,2002-03-07,26956404,28048854,26956404,27206512,42855
032860,2002-03-08,26592366,28776960,26592366,27206512,114115
032860,2002-03-11,27304092,29761784,27213120,29766154,136970
032860,2002-03-12,29215556,33334742,29124588,29766154,404300
032860,2002-03-13,29783448,30443922,28598136,28579166,110675
032860,2002-03-14,28957526,28957526,27773948,27846424,69560
032860,2002-03-15,28399464,30241168,28035436,29219076,101100
032860,2002-03-18,28868972,30600730,28868972,29487458,81510
032860,2002-03-19,29673698,30948276,29491786,30220202,87150
032860,2002-03-20,30600206,30987644,29508062,29580292,61415
032860,2002-03-21,29129722,29584976,28765652,29311910,35240
032860,2002-03-22,30607042,30607042,28945056,29404940,32460
032860,2002-03-25,29308444,30970122,28762184,29858988,94635
032860,2002-03-26,29690222,30054260,29052808,29580292,21120
032860,2002-03-27,29695250,30241438,28600900,29126244,50120
032860,2002-03-28,29601260,29601260,28142878,28579166,40170
032860,2002-03-29,28232312,28596630,27775166,28300470,28435
032860,2002-04-01,27852194,28034354,26190456,26195074,30795
032860,2002-04-02,24480502,26301028,24480502,26009210,30310
032860,2002-04-03,26026036,27416818,25843878,25916376,14915
032860,2002-04-04,25663864,26574126,25663864,26009210,23195
032860,2002-04-08,26027930,26937978,25845772,26009210,19085
032860,2002-04-09,26026036,26208194,25479840,25916376,23330
032860,2002-04-10,26021140,28959286,25293002,28940380,255740
032860,2002-04-11,30625836,30717022,26595448,28579166,160180
032860,2002-04-12,27492762,28403016,26673616,26927816,81085
032860,2002-04-15,27488128,27488128,25735230,26195074,40495
032860,2002-04-16,25644508,26281644,25644508,26195074,28010
032860,2002-04-17,26314678,26769718,25836114,26473570,40215
032860,2002-04-18,26188570,26940292,26006690,26102042,40915
032860,2002-04-19,25754834,26209842,25754834,26009210,12910
032860,2002-04-22,25647676,26305980,25556952,25647996,20650
032860,2002-04-23,25663864,27234384,25481736,26009210,27080
032860,2002-04-24,26463584,26850992,25644508,26195074,45860
032860,2002-04-25,25111532,25568710,24110082,24182310,16150
032860,2002-04-26,24199664,25294040,22628864,23996646,34070
032860,2002-04-29,23264266,23833770,22900416,23810782,20290
032860,2002-04-30,23082358,24289026,23082358,23810782,38295
032860,2002-05-02,24381790,24748028,23835596,23996646,12355
032860,2002-05-03,23835596,24563732,23562498,23996646,9300
032860,2002-05-06,22898376,24014138,22898376,23717948,18170
032860,2002-05-07,22897452,23737946,22897452,23170870,10420
032860,2002-05-08,23286368,24196600,23195182,23449568,10765
032860,2002-05-09,23840358,24386802,23567510,23635430,8845
032860,2002-05-10,23282658,23828886,23170550,23170870,3675
032860,2002-05-13,22716434,23832196,22716434,23717948,15585
032860,2002-05-14,23743280,23834218,23379212,23542400,9445
032860,2002-05-15,23835308,24108436,23653150,24089478,11390
032860,2002-05-16,23744408,24199664,23744408,23996646,5805
032860,2002-05-17,24194670,24740650,23921326,24357860,10060
032860,2002-05-20,27031304,27031304,24935540,26009210,26470
032860,2002-05-21,25655478,25837636,24745244,25090602,8305
032860,2002-05-22,24747248,25293442,24201300,24182310,8620
032860,2002-05-23,27022948,27022948,24472364,25090602,8210
032860,2002-05-24,24748028,25931172,24017506,23996646,7125
032860,2002-05-27,24016266,24744652,23834386,24543524,8820
032860,2002-05-28,24108790,24745708,23833524,23903614,1145
032860,2002-05-29,23927002,23927002,21992164,22902490,47575
032860,2002-05-30,22986748,23462956,22531522,23078038,6840
032860,2002-05-31,22741470,23471964,22741470,22902490,7420
032860,2002-06-03,22440040,23464584,22440040,23263704,5185
032860,2002-06-04,22529996,23190500,21983800,21984080,10210
032860,2002-06-05,21978750,22615886,21978750,22438128,9760
032860,2002-06-07,22909986,23003094,21817812,22345296,5885
032860,2002-06-10,21987516,22645882,21805388,22169746,4550
032860,2002-06-11,22392448,22392448,21641004,21891050,3870
032860,2002-06-12,21274796,22005070,21274796,21891050,6600
032860,2002-06-14,21439468,22076636,21439468,22076914,3455
032860,2002-06-17,22167454,23077718,21803418,23078038,23740
032860,2002-06-18,23469852,23469852,22468648,22809656,6620
032860,2002-06-19,22826216,22826216,20436360,21984080,2850
032860,2002-06-20,21623230,22169706,21075112,22169746,3625
032860,2002-06-21,21714448,22463724,21714448,22169746,3235
032860,2002-06-24,21724074,22361240,20904782,21705384,6100
032860,2002-06-25,21626408,21990444,20169918,20146868,4010
032860,2002-06-26,20706688,20706688,17772538,17772890,37275
032860,2002-06-27,17972064,18884218,17425838,18588350,10320
032860,2002-06-28,18411176,19344748,18411176,19052712,14830
032860,2002-07-02,18429006,18884014,18155908,18681182,21705
032860,2002-07-03,18162428,18799810,18141474,18505832,20905
032860,2002-07-04,18611134,19250252,18520194,18681182,13200
032860,2002-07-05,19080596,20537086,19080596,20518396,21775
032860,2002-07-08,21442624,21624782,19963042,20786778,22325
032860,2002-07-09,20712814,20712814,19438484,19692622,15135
032860,2002-07-10,20709682,20709682,19594170,20053836,10380
032860,2002-07-11,19620670,19984988,18596128,19599790,15090
032860,2002-07-12,19173372,20904880,19173372,20704260,18625
032860,2002-07-15,20355206,21083312,20355206,20518396,6070
032860,2002-07-16,20714606,21102014,19622184,19785652,10410
032860,2002-07-18,19594170,20527522,19321288,20053836,3950
032860,2002-07-19,19716962,20171970,19261954,19971318,3985
032860,2002-07-22,19985372,19985372,17959316,18505832,22535
032860,2002-07-23,18411176,19071434,18138078,19052712,38550
032860,2002-07-24,19088304,19179242,18245888,18227136,5435
032860,2002-07-25,18593054,19799756,18593054,19052712,8915
032860,2002-07-26,18517050,19063246,18152982,18134302,1625
032860,2002-07-29,18320204,19162620,17955920,19052712,11980
032860,2002-07-30,19071434,19344748,18593054,19052712,4920
032860,2002-07-31,19528706,19528706,18595104,19145742,1220
032860,2002-08-01,18866152,19071434,18411176,19052712,870
032860,2002-08-02,18318332,18955260,18318332,18959878,5445
032860,2002-08-05,18316438,18953604,18134312,18867046,1520
032860,2002-08-06,18319720,18683758,18319720,18319968,2280
032860,2002-08-07,18884218,19066408,18427072,18588350,2695
032860,2002-08-08,18594856,19073232,18412696,18412800,905
032860,2002-08-09,18977370,19159530,18155908,18681182,5390
032860,2002-08-12,18323384,18983890,18323384,18505832,5185
032860,2002-08-13,18505158,19893768,18505158,19599790,4680
032860,2002-08-14,19270156,21914100,18336338,21891050,111715
032860,2002-08-16,22348030,22348030,19321020,19321092,152660
032860,2002-08-19,19885358,19976298,18769814,18774214,25280
032860,2002-08-20,19317642,19522924,18316438,18867046,42835
032860,2002-08-21,18503384,19595576,18412196,19413926,56810
032860,2002-08-22,19625664,20080920,19170686,19238576,26615
032860,2002-08-23,19049352,20256062,19049352,19413926,14115
032860,2002-08-26,19075988,19804374,19075988,19785652,9395
032860,2002-08-27,19982956,20165080,19049352,19413926,38230
032860,2002-08-28,19415458,19597616,19051420,19506956,19805
032860,2002-08-29,19073482,19528706,19073482,19145742,5430
032860,2002-08-30,19264708,20721136,18898688,20611228,66445
032860,2002-09-02,20253818,23077718,19889780,23078038,426815
032860,2002-09-03,22907566,23567824,21267028,21612354,268680
032860,2002-09-04,21085088,21995134,20356764,21612354,59490
032860,2002-09-05,21086908,22816496,21086908,21705384,99255
032860,2002-09-06,21102014,22194188,19440272,19785652,42270
032860,2002-09-09,19888254,19888254,17612708,17659428,59985
032860,2002-09-10,17810482,18333090,17604986,18041272,27745
032860,2002-09-11,18330386,18330386,17966068,17989698,17470
032860,2002-09-12,17469168,18311552,17469168,18134302,25465
032860,2002-09-13,17697974,18607990,17697974,18134302,15100
032860,2002-09-16,17954728,18136638,17408502,17772890,26465
032860,2002-09-17,17761632,18263568,17761632,17948440,22275
032860,2002-09-18,17615410,17956138,17045844,17050462,26275
032860,2002-09-19,17093222,17478460,17002284,17184752,8740
032860,2002-09-23,16865626,16912304,16046830,16142170,37950
032860,2002-09-24,15703301,16204988,15703301,15750011,15050
032860,2002-09-25,15603166,15899603,13985966,14191494,37405
032860,2002-09-26,14288223,14902050,14288223,14542393,17180
032860,2002-09-27,14663439,16234207,14663439,16008078,50370
032860,2002-09-30,15959885,15959885,14844125,14893293,49750
032860,2002-10-01,14648013,15217330,14648013,15130730,8135
032860,2002-10-02,14743514,15289461,14743514,15202933,10905
032860,2002-10-04,14608035,16132125,14608035,15202933,32755
032860,2002-10-07,15581428,15581428,15056402,15037898,8675
032860,2002-10-08,14942341,15511658,14942341,15037898,6265
032860,2002-10-09,14953467,15364184,14953467,15182304,3115
032860,2002-10-10,15198899,15472028,14697213,15017268,7325
032860,2002-10-11,15035715,15217843,14669478,14945065,14595
032860,2002-10-14,15129849,15540596,14924589,15316594,7555
032860,2002-10-15,15386164,16592400,14952110,15822214,29705
032860,2002-10-16,15974069,16522217,15245715,15337223,10990
032860,2002-10-17,15038734,15925875,15038734,15657179,8880
032860,2002-10-18,15662436,17051078,15662436,15935875,12710
032860,2002-10-21,16101470,17242452,15760762,16813024,45965
032860,2002-10-22,17236140,17236140,15779929,16307404,22385
032860,2002-10-23,15587807,16385930,15543299,15956504,11335
032860,2002-10-24,15759787,16875300,15759787,16854482,28610
032860,2002-10-25,16478764,16842832,15953780,16049337,5475
032860,2002-10-28,15960112,17988026,15892232,17969068,65725
032860,2002-10-29,19063614,19996970,17059008,18041272,138345
032860,2002-10-30,17784972,18240228,17148054,17948440,36740
032860,2002-10-31,19230102,20072516,18501996,20053836,290440
032860,2002-11-01,20616968,20708146,18682400,18959878,100665
032860,2002-11-04,18988498,20718086,18281562,19238576,179785
032860,2002-11-05,18998922,19636088,18270568,18247766,60025
032860,2002-11-06,18046622,18592570,17864464,18319968,33690
032860,2002-11-07,18084900,18269196,17629892,18227136,29515
032860,2002-11-08,17626152,18286658,17603062,17948440,16715
032860,2002-11-11,17700514,18155770,17471926,17452936,16470
032860,2002-11-12,17413596,18029592,17278146,17824662,9845
032860,2002-11-13,17604986,19154584,17604986,18041272,55630
032860,2002-11-14,17700518,18337714,17700518,18113476,22405
032860,2002-11-15,18001986,18980100,17296942,17752260,17230
032860,2002-11-18,17371778,17829204,17236330,17308528,14885
032860,2002-11-19,17103888,17423696,16784362,16854482,4955
032860,2002-11-20,16509244,17057610,16509244,16761451,21790
032860,2002-11-21,16511984,17195580,16511984,16740821,9665
032860,2002-11-22,16780990,17054086,16141653,16647989,7615
032860,2002-11-25,16668081,17055488,16600481,16668618,22970
032860,2002-11-26,16541677,17087904,16427399,16906056,19215
032860,2002-11-27,17021638,17021638,16430933,16431181,16665
032860,2002-11-28,16507080,16824470,16507080,16689248,19670
032860,2002-11-29,16869018,16869018,16617305,16596415,7010
032860,2002-12-02,16606845,16947576,16583537,16926684,10615
032860,2002-12-03,17312682,17312682,16675517,16885426,18545
032860,2002-12-04,16716513,17057490,16716513,16854482,5225
032860,2002-12-05,17239400,17239400,16716513,16854482,5985
032860,2002-12-06,16628084,17197650,16628084,16833654,5845
032860,2002-12-09,17141378,17188086,16777340,17122666,15500
032860,2002-12-10,17044968,17273558,16522082,17091720,22155
032860,2002-12-11,17204096,17204096,16702161,16998888,17315
032860,2002-12-12,16760776,17330092,16739389,16947314,5795
032860,2002-12-13,16739389,16966056,16716266,16947314,7055
032860,2002-12-16,16512207,16990554,16512207,16813024,8800
032860,2002-12-17,16972242,17336528,16813672,17112350,20200
032860,2002-12-18,16962868,17236214,16666711,16647989,15825
032860,2002-12-20,16507586,16710914,16416646,16575786,11775
032860,2002-12-23,16613930,16613930,15407507,15388797,7840
032860,2002-12-24,16087616,16087616,15154012,15202933,4130
032860,2002-12-26,15287402,15765779,14125210,15698438,6945
032860,2002-12-27,15700616,15768434,14673873,15017268,16980
032860,2002-12-30,16768506,16768506,14490843,15884103,12715
032860,2003-01-02,14959921,16691669,14959921,16668618,6530
032860,2003-01-03,16501208,16774306,15612114,15750011,42370
032860,2003-01-06,15365412,15526369,15297780,15461000,4665
032860,2003-01-07,15495337,15791557,15038159,15017268,8975
032860,2003-01-08,14737714,15374849,14669834,14852034,19805
032860,2003-01-09,14691035,14942933,14691035,14852034,3760
032860,2003-01-10,14788424,16520151,14788424,15677808,46935
032860,2003-01-13,15671042,15694659,15148185,15512574,10325
032860,2003-01-14,15071090,16324221,15071090,16214571,22550
032860,2003-01-15,16517134,16517134,15082062,15791270,1835
032860,2003-01-16,15039208,16199229,15039208,15884103,1390
032860,2003-01-17,15230214,16504329,15115935,16121540,13690
032860,2003-01-20,15590969,16818838,15250240,16410551,8735
032860,2003-01-21,15765012,16516705,15583102,16224886,985
032860,2003-01-22,15437297,16574011,15437297,16214571,1165
032860,2003-01-23,14948045,16404289,14948045,16317719,995
032860,2003-01-24,15822871,16140509,15503313,16121540,780
032860,2003-01-27,15277800,15938027,14843713,15915245,325
032860,2003-01-28,15057358,15764542,15034020,15171989,3335
032860,2003-01-29,15198899,15198899,14673873,15017268,945
032860,2003-01-30,15035383,15947567,14580374,15791270,32215
032860,2003-02-03,14759277,15419782,14759277,15079157,4860
032860,2003-02-04,15086503,15495050,14745775,15110101,22015
032860,2003-02-05,15131299,15222238,14946972,15017268,2510
032860,2003-02-06,15399763,15399763,14965946,14945065,370
032860,2003-02-07,14741967,15106005,14718628,14924435,4170
032860,2003-02-10,14651425,14651425,14469298,14656054,1510
032860,2003-02-11,14481355,14663513,13389182,14346413,1555
032860,2003-02-12,14127508,14447037,13397242,13789021,545
032860,2003-02-13,13772295,14295150,13407978,14274012,485
032860,2003-02-14,15409072,15409072,14748567,14748887,10
032860,2003-02-17,15381057,15381057,15038159,15017268,2810
032860,2003-02-18,15038187,15038187,14307912,14924435,940
032860,2003-02-19,14965662,14965662,14169678,14284525,4120
032860,2003-02-20,14557057,14557057,14146310,14377358,2790
032860,2003-02-21,14477060,14477060,13748707,14274012,2155
032860,2003-02-24,14648730,14853949,14307754,14604480,1535
032860,2003-02-25,14311881,14540222,14129723,14449561,670
032860,2003-02-26,14672386,14672386,13328284,13830280,1390
032860,2003-02-27,14561194,14561194,13172582,13541269,3050
032860,2003-02-28,13578609,13578609,12848303,13149110,7395
032860,2003-03-03,12953501,13271108,12748283,12839470,6620
032860,2003-03-04,11926092,12791837,11926092,12292392,4055
032860,2003-03-05,12129475,12129475,11356830,11539019,5645
032860,2003-03-06,11377651,12287914,10990243,11631852,7525
032860,2003-03-07,11454557,11797425,11022641,11683425,3175
032860,2003-03-10,11134459,11771593,11111336,11704055,860
032860,2003-03-11,10669923,11533477,10509183,10991941,1605
032860,2003-03-12,11538740,11538740,10673233,11539019,1680
032860,2003-03-13,11902206,11902206,11015281,11724883,4030
032860,2003-03-14,13139026,13139026,12114483,13118166,23910
032860,2003-03-17,14702830,14702830,11578587,11559649,11280
032860,2003-03-18,12087680,12475088,11016490,12178930,5285
032860,2003-03-19,12294791,12315992,11907384,12271762,9445
032860,2003-03-20,11783142,12331290,11304547,11920863,39630
032860,2003-03-21,13266458,13266458,11924310,12106726,10360
032860,2003-03-24,12650899,12650899,11673036,11745512,13920
032860,2003-03-25,11177454,11928930,11109853,11177805,14045
032860,2003-03-26,11063175,11382982,11063175,11177805,13625
032860,2003-03-27,11189702,11416122,11052084,11280952,1900
032860,2003-03-28,10855743,11425278,10855743,11425557,1270
032860,2003-03-31,11184776,11460043,11072636,11394613,8310
032860,2003-04-01,11002655,11502389,11002655,11301582,8620
032860,2003-04-02,11163226,11506125,11095378,11487445,6700
032860,2003-04-03,11360878,11794963,11360878,11704055,7455
032860,2003-04-04,11731302,12253941,11549174,11962122,18625
032860,2003-04-07,13405011,13405011,13405011,13386548,2007
032860,2003-04-08,14496635,14496635,13404182,14088347,7142
032860,2003-04-09,13806631,14308565,13762121,13830280,3141
032860,2003-04-10,13652931,15473221,13039105,14635424,14270
032860,2003-04-11,15782322,16398286,14848718,16379607,11212
032860,2003-04-14,16886600,18319720,16408222,18319968,11345
032860,2003-04-15,18329430,20537086,18329430,20518396,15187
032860,2003-04-16,21801644,22917404,19252968,21984080,13885
032860,2003-04-17,20896394,24562492,20532078,24543524,27822
032860,2003-04-18,27313658,27495784,25105692,27474894,35410
032860,2003-04-21,28865850,30800654,26951932,30777594,28151
032860,2003-04-22,33552094,34464528,32072554,34441508,40932
032860,2003-04-23,35733464,38578596,35733464,38559668,67096
032860,2003-04-24,41967580,42149704,36550752,38466836,82687
032860,2003-04-25,37910300,37910300,33883976,33884316,25796
032860,2003-04-28,29854358,29854358,29854358,29858988,1704
032860,2003-04-29,26672028,33340092,26397008,29311910,144611
032860,2003-04-30,30989514,31717840,28417512,29673124,110809
032860,2003-05-02,29885870,30705192,26198632,27113482,109433
032860,2003-05-06,26941932,27761254,25280224,26195074,66418
032860,2003-05-07,29311880,29311880,29311880,29311910,19004
032860,2003-05-09,32811050,32811050,32082664,32790158,90659
032860,2003-05-12,34092676,36459396,30428530,30591730,175135
032860,2003-05-13,31255930,33258356,29888488,31510338,143910
032860,2003-05-14,32068424,32068424,30224808,30952944,76815
032860,2003-05-15,31135322,31135322,27288990,27289030,79444
032860,2003-05-16,26107660,28793694,25470494,27113482,58981
032860,2003-05-19,26743086,27473332,24376364,24357860,34991
032860,2003-05-20,23099260,27218476,23099260,25647996,76094
032860,2003-05-21,25667320,26304486,24572976,25462132,31371
032860,2003-05-22,25202502,26114656,24201300,24182310,34147
032860,2003-05-23,24204676,24932812,23203192,23635430,50643
032860,2003-05-26,24285646,24285646,23102564,23356734,41508
032860,2003-05-27,23070620,26097878,22979432,26102042,103532
032860,2003-05-28,27309662,28948034,25647676,25647996,112481
032860,2003-05-29,24202696,26844468,24202696,25369298,36624
032860,2003-05-30,25654666,26018706,24471552,24543524,25145
032860,2003-06-02,24661260,25298396,24113114,24729388,40164
032860,2003-06-03,24471416,24653294,23470150,23542400,28541
032860,2003-06-04,23833524,25110026,23833524,23903614,21081
032860,2003-06-05,24384972,25204328,24294032,24275342,14529
032860,2003-06-09,24198086,24926224,23469732,23810782,28161
032860,2003-06-10,23744120,24290346,23471024,24089478,17732
032860,2003-06-11,24289026,24289026,23560672,23810782,19073
032860,2003-06-12,23832196,24105108,23353632,23717948,14242
032860,2003-06-13,24098306,26556000,23734238,26556288,77219
032860,2003-06-16,26684844,29690652,26684844,28393302,143293
032860,2003-06-17,28864366,30593922,27499064,28754716,75568
032860,2003-06-18,28862880,28955958,27679486,27660560,35291
032860,2003-06-19,27772320,28682626,27772320,27753392,42888
032860,2003-06-20,27869998,28688828,27596684,28579166,48458
032860,2003-06-23,29503504,31804548,27865166,27846424,155421
032860,2003-06-24,27868744,27868744,24568418,24636556,67052
032860,2003-06-25,25209260,25666438,24298966,24915252,24652
032860,2003-06-26,24199664,24656840,23562498,23996646,37611
032860,2003-06-27,23923682,25106828,23923682,24450692,21474
032860,2003-06-30,23652198,25654666,23652198,24543524,18225
032860,2003-07-01,25107978,27406852,24559592,26473570,41891
032860,2003-07-02,26027930,27691562,25936960,26009210,35507
032860,2003-07-03,26403756,27859966,26016350,26380738,40436
032860,2003-07-04,27144440,29422142,26483966,29126244,80377
032860,2003-07-07,30602076,30989514,28963708,29673124,48303
032860,2003-07-08,29508526,30442096,28050112,28393302,31623
032860,2003-07-09,27588574,28225494,27497388,27567726,27900
032860,2003-07-10,27108662,28315178,26562466,27381864,27320
032860,2003-07-11,26842086,29505032,26842086,28207638,30067
032860,2003-07-14,29228838,29684124,27497330,27660560,20591
032860,2003-07-15,27505712,29326272,27505712,28579166,40084
032860,2003-07-16,28411012,30413408,28228854,28847548,45247
032860,2003-07-18,28780014,30625836,28598136,28579166,61264
032860,2003-07-21,28595002,29778642,28413124,28940380,34597
032860,2003-07-22,28763904,29674196,26556000,26556288,47041
032860,2003-07-23,26764626,27765850,26673616,26927816,51258
032860,2003-07-24,26946528,26946528,26946528,26927816,0
032860,2003-07-25,26946528,26946528,26946528,26927816,0
032860,2003-07-28,27288874,27288874,23737086,24037904,366382
032860,2003-07-29,23835596,24656840,21536752,23996646,267162
032860,2003-07-30,24390036,24390036,22520660,22500016,154248
032860,2003-07-31,22141710,22711274,20799530,20848666,112441
032860,2003-08-01,20640012,22189394,20640012,21055160,99678
032860,2003-08-04,20555918,21286442,18688960,18784528,134356
032860,2003-08-05,18700214,19841454,18336394,19248890,88594
032860,2003-08-06,18232590,19007342,18073770,18165248,50662
032860,2003-08-07,18601148,18601148,17553484,17649114,69713
032860,2003-08-08,17668976,18033046,17463758,17442620,61985
032860,2003-08-11,17513686,17672506,16739151,16720192,73676
032860,2003-08-12,16853430,17354898,16533653,16720192,48219
032860,2003-08-13,16691357,16987794,15643661,16100911,88670
032860,2003-08-14,15924445,16426194,15810167,15791270,55147
032860,2003-08-18,15756949,16324346,14571667,14552708,92946
032860,2003-08-19,14614733,16278891,14250943,16255830,179447
032860,2003-08-20,17457806,18188328,16617292,18165248,297776
032860,2003-08-21,19102430,20353392,18192198,20332532,199222
032860,2003-08-22,22762174,22762174,19097748,21261454,580120
032860,2003-08-25,19951222,21500822,19269548,20590600,258283
032860,2003-08-26,22230144,22230144,19474062,19455382,202664
032860,2003-08-27,18891286,19255602,18391768,18732756,172935
032860,2003-08-28,18595760,19209588,17753346,18371542,106499
032860,2003-08-29,18030312,18963636,17551934,18216820,125964
032860,2003-09-01,18239630,20403026,18239630,20384304,153984
032860,2003-09-02,21579554,22832686,21283118,22809656,519567
032860,2003-09-03,24254022,24254022,21728698,21777588,380818
032860,2003-09-04,22478996,23139252,20656082,21158306,287074
032860,2003-09-05,21387058,22208552,19223662,19816598,139961
032860,2003-09-08,19419548,22105830,19419548,21674440,387534
032860,2003-09-09,21291464,21996232,20402122,20745518,206282
032860,2003-09-15,20433972,21162108,19661356,19661678,109673
032860,2003-09-16,19730726,21072874,19616446,20848666,163376
032860,2003-09-17,20814234,21383520,20153482,21364800,191012
032860,2003-09-18,21573428,22826560,20754322,21055160,376187
032860,2003-09-19,21480782,21616230,19090938,19868170,215931
032860,2003-09-22,19519108,19747914,18084034,18268394,118205
032860,2003-09-23,17252042,18276616,16523720,17184752,100217
032860,2003-09-24,17091692,17819830,17091692,17752260,63991
032860,2003-09-25,16988940,17558196,16533653,16720192,57556
032860,2003-09-26,16625840,17355866,16534869,16513699,59691
032860,2003-09-29,16083047,16335006,15560409,15791270,77487
032860,2003-09-30,15907941,17660620,15840092,17184752,144167
032860,2003-10-01,16534869,16945368,16126043,16513699,67982
032860,2003-10-02,16732153,17506936,16732153,16823340,68883
032860,2003-10-06,16624624,17058710,16374865,16720192,54429
032860,2003-10-07,16412593,17187378,16412593,16823340,66836
032860,2003-10-08,16900858,17059648,16534869,16513699,34044
032860,2003-10-09,16278891,16983658,16073393,16255830,41279
032860,2003-10-10,16370418,16622345,16006349,16307404,48655
032860,2003-10-14,16484943,16848732,16211630,16307404,42756
032860,2003-10-15,16420984,16694051,16171194,16152484,34892
032860,2003-10-16,16171194,16420984,16171194,16152484,20446
032860,2003-10-17,16205697,16478764,16068296,16049337,21713
032860,2003-10-20,15801131,16325908,15801131,16307404,28096
032860,2003-10-21,16327289,16738036,16121822,16100911,28575
032860,2003-10-22,16114105,16410573,15432431,15481630,48221
032860,2003-10-23,15555959,15807888,15306202,15378482,45007
032860,2003-10-24,15954401,17184194,15293897,17184752,306327
032860,2003-10-27,17265980,17879806,16535952,17132980,263498
032860,2003-10-28,17555762,17623392,16848608,17236326,112438
032860,2003-10-29,17670154,19014258,17259408,18061902,360084
032860,2003-10-30,17766428,18450272,17311420,18268394,175630
032860,2003-10-31,18589286,18589286,16155179,16204058,169534
032860,2003-11-03,15845695,16846650,15754508,15894616,91106
032860,2003-11-04,15805548,16853430,15805548,16720192,141996
032860,2003-11-05,16313750,16724496,16108500,16204058,110172
032860,2003-11-06,16083047,16494042,15810167,15791270,55508
032860,2003-11-07,16009682,16532538,15804402,16100911,54794
032860,2003-11-10,15852397,16127417,14942164,15378482,66752
032860,2003-11-11,15019247,15588554,14928060,15430056,86042
032860,2003-11-12,15228367,15592652,15184044,15275335,31310
032860,2003-11-13,15383410,16111763,15292439,15997763,159354
032860,2003-11-14,15999280,16202608,15178066,15430056,107113
032860,2003-11-17,15501465,15548143,15069766,15275335,52301
032860,2003-11-18,15195009,15559046,15148330,15171989,42375
032860,2003-11-19,15062582,16724322,15062582,15636549,68554
032860,2003-11-20,16416152,17055488,15849015,16668618,108953
032860,2003-11-21,16209515,16527123,15708077,15894616,55626
032860,2003-11-24,15629898,16451144,15242490,15223563,32397
032860,2003-11-25,15295029,15841255,15180502,15481630,62866
032860,2003-11-26,15386030,15796747,15227212,15481630,46124
032860,2003-11-27,15398305,15512614,15080698,15171989,60757
032860,2003-11-28,15424648,15629898,15195812,15223563,47109
032860,2003-12-01,15069766,15433586,15069766,15275335,47838
032860,2003-12-02,15388518,16414982,15297331,15894616,95827
032860,2003-12-03,15766782,15857783,15447005,15584975,61102
032860,2003-12-04,15335680,15951677,15335680,15636549,48524
032860,2003-12-05,15639332,15842380,15296184,15275335,41614
032860,2003-12-08,15310122,15515589,15151303,15223563,60002
032860,2003-12-09,15447005,15652503,15311556,15584975,44274
032860,2003-12-10,15426867,15837367,15426867,15636549,52873
032860,2003-12-11,15560409,16220945,15560409,15791270,112352
032860,2003-12-12,16245616,16245616,15242490,15223563,105362
032860,2003-12-15,15394199,15599449,15235381,15326909,80977
032860,2003-12-16,15303259,15508478,15188950,15326909,45667
032860,2003-12-17,15307117,15559046,15148330,15171989,84309
032860,2003-12-18,15132040,15293029,15019932,15068842,37243
032860,2003-12-19,15065388,15499194,14360590,14862349,61430
032860,2003-12-22,14666704,14986232,14370236,14397987,36920
032860,2003-12-23,14257910,14575516,14052630,14397987,14380
032860,2003-12-24,14464313,14464313,14053566,14191494,6265
032860,2003-12-26,13631533,14359638,13631533,13727132,28882
032860,2003-12-29,13397959,13535576,12919611,13262572,47150
032860,2003-12-30,13431647,14159784,13226181,13933427,53340
032860,2004-01-02,13742849,14015947,13651910,13675559,16576
032860,2004-01-05,13330110,13603208,13285601,13262572,40654
032860,2004-01-06,13445125,13445125,12715068,12901358,42880
032860,2004-01-07,12712778,12918059,11891316,12488570,44483
032860,2004-01-08,12503441,13117020,12297943,12643291,46786
032860,2004-01-09,12409519,13228842,12409519,12591718,25206
032860,2004-01-12,12488069,12807597,12329280,12333651,30747
032860,2004-01-13,12299753,12414063,11980224,12075782,52287
032860,2004-01-14,12299753,12617359,11980224,12075782,31219
032860,2004-01-15,11988391,12308198,11897420,11920863,24185
032860,2004-01-16,11935716,12094534,11683973,12075782,16461
032860,2004-01-19,12058161,12261488,11374564,11920863,28900
032860,2004-01-20,11967348,13309497,11829947,13314146,111690
032860,2004-01-26,14246105,14862060,14087276,14862349,350361
032860,2004-01-27,14943463,15307748,13393832,13417492,350550
032860,2004-01-28,13426779,13791095,12038169,12540144,179241
032860,2004-01-29,12301814,12826809,12052025,12488570,72484
032860,2004-01-30,12857492,12857492,12129108,12540144,60031
032860,2004-02-02,12616800,13186366,12252763,13004704,80669
032860,2004-02-03,13384178,13384178,12086537,12385423,101764
032860,2004-02-04,12336544,12700365,12336544,12385423,33255
032860,2004-02-05,12307376,13035482,12307376,12695063,58521
032860,2004-02-06,12709464,14212384,12664955,14191494,235185
032860,2004-02-09,13851310,15764699,13737217,14243068,227832
032860,2004-02-10,14452675,15796747,14452675,15481630,151170
032860,2004-02-11,15925032,17362492,14991429,17339472,319014
032860,2004-02-12,18605414,19426628,17557534,19403610,398083
032860,2004-02-13,19728072,21616230,18180674,19868170,686026
032860,2004-02-16,19628084,21177652,17511336,18061902,473185
032860,2004-02-17,18536650,18604250,16487534,17287900,375194
032860,2004-02-18,17834780,18905784,17106458,17494392,470885
032860,2004-02-19,17663052,18073766,15432025,15842844,335241
032860,2004-02-20,15843004,16277091,14454394,14501134,399291
032860,2004-02-23,14580852,16221421,13964856,14604480,897197
032860,2004-02-24,15301582,16325908,14867744,16307404,266644
032860,2004-02-25,17354906,17879684,14416698,14397987,496794
032860,2004-02-26,14406316,14406316,13472962,13727132,167362
032860,2004-02-27,13681438,14365282,13681438,13933427,107819
032860,2004-03-02,13961151,14278757,12616800,13004704,147356
032860,2004-03-03,13076474,13736978,13076474,13417492,77679
032860,2004-03-04,13393832,13804579,13326201,13417492,78775
032860,2004-03-05,13393832,13804579,13279801,13417492,80552
032860,2004-03-08,13531730,13963399,13440511,13417492,83178
032860,2004-03-09,13432363,13840910,13318053,13572213,50696
032860,2004-03-10,13895027,15192666,13643067,14191494,311035
032860,2004-03-11,13638706,14161562,13227742,13365918,169060
032860,2004-03-12,12711611,12870213,11778008,11869289,302306
032860,2004-03-15,11838715,12659930,11770866,12230503,154398
032860,2004-03-16,11882214,13317503,11359358,12178930,70427
032860,2004-03-17,12341671,12909314,12089742,12591718,77758
032860,2004-03-18,12614768,12614768,12614768,12591718,0
032860,2004-03-19,12181614,12659930,12090426,12230503,121237
032860,2004-03-22,12396881,12807597,12079275,12333651,48764
032860,2004-03-23,12181614,12613530,12181614,12230503,55954
032860,2004-03-24,12253074,12344261,12094534,12075782,44249
032860,2004-03-25,11985206,12302813,11688770,11714568,55277
032860,2004-03-26,11923330,12287584,11718050,11972437,31423
032860,2004-03-29,11989969,12104496,10851365,11353155,42346
032860,2004-03-30,11899030,11899030,10965428,11353155,44568
032860,2004-03-31,11559088,11720045,11355977,11404928,21401
032860,2004-04-01,11282150,11737158,11282150,11559649,9203
032860,2004-04-02,11841821,12910872,11363225,12024010,129302
032860,2004-04-06,12763206,12763206,11783142,11920863,48484
032860,2004-04-07,11936828,12186369,11640421,11869289,55282
032860,2004-04-08,12244180,12288720,11469395,11766142,50296
032860,2004-04-09,11772663,12045575,11522936,11662796,43073
032860,2004-04-12,11572542,11936828,11572542,11869289,16656
032860,2004-04-13,11565721,12088577,10494499,10476006,135448
032860,2004-04-14,9256124,9529221,9256124,9237444,71978
032860,2004-04-16,9256124,9256124,9256124,9237444,0
032860,2004-04-19,9256124,9256124,9256124,9237444,0
032860,2004-04-20,9256124,9256124,9256124,9237444,0
032860,2004-04-21,8173790,8514736,8173790,8515015,247345
032860,2004-04-22,8785847,9514232,8422048,9495511,111191
032860,2004-04-23,9614084,10638626,8792621,8979377,187822
032860,2004-04-26,8953610,9294556,8748360,8979377,32132
032860,2004-04-27,8737177,9806229,8737177,9082524,30457
032860,2004-04-28,9509822,9509822,8781933,9082524,29601
032860,2004-04-29,9240020,9240020,8784794,8876230,26564
032860,2004-04-30,8684391,8889641,8273892,8824458,19035
032860,2004-05-03,8596793,9212541,8528944,9030951,9325
032860,2004-05-04,8742983,8742983,7946998,7947308,79563
032860,2004-05-06,7863434,7910144,7044141,7069960,138738
032860,2004-05-07,6682493,7914456,6568183,7895735,146632
032860,2004-05-10,7459447,7914456,7298458,7895735,56229
032860,2004-05-11,7900319,7946998,7491990,7947308,30556
032860,2004-05-12,7895700,8875982,7851408,8876230,193865
032860,2004-05-13,8888247,9616352,8431069,9392165,38981
032860,2004-05-14,9411134,9525413,8794890,9392165,20643
032860,2004-05-17,9097553,9575931,8686806,9237444,123366
032860,2004-05-18,8889123,9367470,8592686,9185870,18362
032860,2004-05-19,9615207,9615207,8429706,8772884,42372
032860,2004-05-20,8320240,8891728,7865201,8256949,69491
032860,2004-05-21,8115380,9256124,8024410,9237444,177618
032860,2004-05-24,10339839,10339839,10339839,10321087,107792
032860,2004-05-25,11578587,11578587,11373121,11559649,121035
032860,2004-05-27,12186369,12825673,10798006,11869289,687083
032860,2004-05-28,11885827,12249864,10700296,11043515,272090
032860,2004-05-31,11351416,12329280,10828529,12333651,130747
032860,2004-06-01,13124861,13808489,12100287,13262572,369396
032860,2004-06-02,12132220,12907005,11767904,12178930,120863
032860,2004-06-03,11879799,12654583,10743086,11198434,187464
032860,2004-06-04,11152151,11355478,10377615,10837220,78169
032860,2004-06-07,10640083,11118462,10185107,10166365,105927
032860,2004-06-08,10222332,10836127,9242019,9289018,149340
032860,2004-06-09,9208298,10393799,8479914,10372660,143339
032860,2004-06-10,10586360,11632071,10495605,11611222,438417
032860,2004-06-11,11767100,11767100,10219732,10630727,178567
032860,2004-06-14,9758303,10577596,9714042,10217939,32323
032860,2004-06-15,10034003,10398320,9053970,9030951,51284
032860,2004-06-16,9818034,10135704,9407536,10114792,38135
032860,2004-06-17,10431199,11320262,10022622,11301582,180915
032860,2004-06-18,11364351,12344384,9975739,10321087,260013
032860,2004-06-21,9939284,10760808,9621677,9598658,48868
032860,2004-06-22,9407536,10455242,9407536,10114792,45864
032860,2004-06-23,9924419,10220886,8946545,8927803,114828
032860,2004-06-24,8624023,9284528,8624023,8876230,75035
032860,2004-06-25,8988122,9193589,8169015,8876230,84543
032860,2004-06-28,8670485,9149080,8465235,8876230,60514
032860,2004-06-29,8581545,9288481,8581545,9289018,55886
032860,2004-06-30,9201389,9518995,8517792,9134098,88918
032860,2004-07-01,8998430,9728922,8839828,9547084,205059
032860,2004-07-02,9601074,9806571,9237253,9650232,159980
032860,2004-07-05,10146052,10806527,10031712,10785646,252470
032860,2004-07-06,10494499,11269284,10221650,10476006,316811
032860,2004-07-07,10173795,10173795,9240440,9856725,197296
032860,2004-07-08,9976854,10387611,9818034,10114792,229485
032860,2004-07-09,10122371,10738615,9849273,10217939,107139
032860,2004-07-12,10235152,11420683,10235152,11353155,644619
032860,2004-07-13,11365241,11568537,11068773,11456501,122429
032860,2004-07-14,11643919,11643919,10549576,11146861,67679
032860,2004-07-15,12472605,12472605,9872923,10785646,1790572
032860,2004-07-16,10793917,10793917,9563876,9701805,301864
032860,2004-07-19,9203648,10069661,9203648,9547084,101542
032860,2004-07-20,9781149,10305959,9165184,9237444,182287
032860,2004-07-21,9036522,9400838,8992261,9289018,136347
032860,2004-07-22,9089089,9294556,8634081,8979377,133529
032860,2004-07-23,8893013,9098479,8643471,9030951,54240
032860,2004-07-26,8832235,9037732,8673695,8927803,45375
032860,2004-07-27,9446320,9446320,8262948,8927803,161767
032860,2004-07-28,8878804,9151902,8423548,8515015,44068
032860,2004-07-29,8472858,8586920,7950002,7998882,61117
032860,2004-07-30,8275731,8480950,8114960,8256949,34817
032860,2004-08-02,8184761,8845266,8184761,8256949,33081
032860,2004-08-03,8275731,8480950,8184761,8256949,87935
032860,2004-08-04,8471031,8837269,8106993,8566589,26223
032860,2004-08-05,8597538,9075885,8277762,8669736,39685
032860,2004-08-06,8471703,9722665,8380484,9701805,509733
032860,2004-08-09,9085089,9085089,8583651,8721310,235330
032860,2004-08-10,8947687,8994149,8583651,8721310,66773
032860,2004-08-11,8587403,9772902,8587403,8979377,652242
032860,2004-08-12,9035854,9514232,8944914,9495511,126442
032860,2004-08-13,9203648,10342759,9203648,9547084,274569
032860,2004-08-16,9558493,9969240,9355413,9495511,64143
032860,2004-08-17,9413156,9823624,9298846,9805151,58403
032860,2004-08-18,9663556,10963428,9526186,10940368,456829
032860,2004-08-19,11630893,11630893,10174434,10424234,242916
032860,2004-08-20,10422123,11355478,10422123,10837220,103093
032860,2004-08-23,11073486,11120195,10436104,10527580,59488
032860,2004-08-24,10335929,10699966,10221650,10476006,91900
032860,2004-08-25,10333223,10629442,10218944,10424234,60456
032860,2004-08-26,10213311,10943833,10122371,10217939,105638
032860,2004-08-27,10559059,11425031,9053970,9030951,1242868
032860,2004-08-30,9033614,9601010,9033614,9082524,170622
032860,2004-08-31,9081993,9287284,8582476,8927803,164113
032860,2004-09-01,8583651,8879839,8515771,8721310,143063
032860,2004-09-02,8755363,9259219,8687732,9030951,94554
032860,2004-09-03,8943861,9079310,8738333,8876230,86427
032860,2004-09-06,8886884,8886884,8681665,8772884,34810
032860,2004-09-07,8674590,8833161,8583651,8721310,81531
032860,2004-09-08,8795697,8795697,8520677,8772884,74943
032860,2004-09-09,8685485,8799794,8594545,8618163,36372
032860,2004-09-10,8595508,8686448,7704213,8256949,93009
032860,2004-09-13,8114960,8754327,8070451,8256949,56764
032860,2004-09-14,8275731,8480950,8229270,8256949,33135
032860,2004-09-15,8268867,8518594,8177896,8360096,18992
032860,2004-09-16,8172355,8377821,8104723,8153603,15761
032860,2004-09-17,8320240,8320240,8114960,8256949,22845
032860,2004-09-20,8172355,8422083,8172355,8153603,18337
032860,2004-09-21,8169371,8260527,8010831,8102029,14729
032860,2004-09-22,8223069,8223069,7858814,7998882,27891
032860,2004-09-23,7610962,8182449,7610962,7843963,18432
032860,2004-09-24,8061525,8061525,7650778,7947308,10972
032860,2004-09-30,7655362,7951830,7039634,7431175,34738
032860,2004-10-01,7123533,7739498,7123533,7534322,15368
032860,2004-10-04,7810023,7810023,7446202,7586094,24189
032860,2004-10-05,7405495,8182449,7405495,7843963,17584
032860,2004-10-06,8101771,8260527,7805302,8102029,12753
032860,2004-10-07,8232324,8276585,7957057,8050456,13850
032860,2004-10-08,8185894,8185894,7548479,8050456,5205
032860,2004-10-11,7653565,8223069,7653565,7998882,7690
032860,2004-10-12,7953891,7953891,7701901,7843963,9704
032860,2004-10-13,7491990,7946998,7491990,7947308,36202
032860,2004-10-14,7736403,8056210,7736403,7740815,8507
032860,2004-10-15,7695070,7946998,7536499,7947308,32571
032860,2004-10-18,7748611,8273389,7701901,7843963,25562
032860,2004-10-19,7748611,8068139,7701901,7843963,27287
032860,2004-10-20,7701129,7906378,7654481,7792389,23303
032860,2004-10-21,7658558,7863776,7658558,7637668,22079
032860,2004-10-22,7657424,8021461,7657424,7843963,6989
032860,2004-10-25,7691894,8170272,7691894,7740815,14603
032860,2004-10-26,7953891,7953891,7701901,7843963,11721
032860,2004-10-27,7695070,8105848,7695070,7947308,738
032860,2004-10-28,7695070,7946998,7695070,7947308,7428
032860,2004-10-29,8014877,8105848,7809596,7947308,5040
032860,2004-11-01,7805302,8216018,7805302,8102029,6524
032860,2004-11-02,7942952,8260527,7942952,8102029,3239
032860,2004-11-03,8014877,8220127,7695070,7947308,10669
032860,2004-11-04,7459447,8189475,7459447,7895735,4587
032860,2004-11-05,7604099,7946998,7604099,7947308,5547
032860,2004-11-08,7657424,8182449,7657424,7843963,9050
032860,2004-11-09,8169371,8169371,7851764,8102029,4631
032860,2004-11-10,7747701,8226296,7747701,8205375,7524
032860,2004-11-11,7896273,8101771,7851764,8102029,9442
032860,2004-11-12,7896273,8216018,7851764,8102029,22263
032860,2004-11-15,7956141,8275731,7704213,8256949,49713
032860,2004-11-16,8226296,8226296,8181788,8205375,2211
032860,2004-11-17,7956141,8275731,7956141,8256949,15606
032860,2004-11-18,8058293,8219034,7945904,8153603,10446
032860,2004-11-19,8172355,8172355,7899226,8153603,1503
032860,2004-11-22,8061525,8061525,7856058,7947308,968
032860,2004-11-23,7946998,8105848,7650778,7947308,5202
032860,2004-11-24,7755637,7961134,7755637,7895735,4361
032860,2004-11-25,8024517,8024517,7658558,7637668,5830
032860,2004-11-26,7862921,7862921,7610962,7843963,266
032860,2004-11-29,7736403,7850713,7486645,7740815,1039
032860,2004-11-30,7439966,7736403,7439966,7740815,15215
032860,2004-12-01,7691894,7850713,7439966,7740815,13844
032860,2004-12-02,7543393,7862921,7452205,7843963,12470
032860,2004-12-03,8428350,8428350,7653565,7998882,4626
032860,2004-12-06,7819267,8024517,7658558,7637668,708
032860,2004-12-07,7439966,7806204,7439966,7740815,6280
032860,2004-12-08,7712270,7712270,7507051,7689241,10319
032860,2004-12-09,7614049,7704989,7340920,7637668,10737
032860,2004-12-10,7712270,7756779,7460373,7689241,565
032860,2004-12-13,7742422,7742422,7399524,7586094,13803
032860,2004-12-14,7658558,7658558,7408769,7637668,7599
032860,2004-12-15,7538140,7605740,7400491,7379601,10786
032860,2004-12-16,7450133,7746549,7403424,7431175,24889
032860,2004-12-17,7450133,7450133,7289361,7431175,3424
032860,2004-12-20,7340920,7658558,7340920,7637668,8474
032860,2004-12-21,7548137,7548137,7181900,7482748,9676
032860,2004-12-22,7484366,7734155,7164838,7328027,8885
032860,2004-12-23,7256693,7256693,6892655,7121534,11013
032860,2004-12-24,7336668,7611935,6834982,7224880,18112
032860,2004-12-27,7179620,7499396,6974340,7069960,2700
032860,2004-12-28,6831889,7242388,6831889,7018387,20794
032860,2004-12-29,7332890,7400491,6877635,7379601,17768
032860,2004-12-30,7244852,7746549,7130325,7431175,10981
032860,2005-01-03,7604774,7604774,7240705,7586094,10731
032860,2005-01-04,7536499,8014877,7401050,7947308,10303
032860,2005-01-05,7953199,8226296,7656731,8205375,7448
032860,2005-01-06,8281836,8281836,7712270,7689241,11317
032860,2005-01-07,7742422,8059781,7604774,7586094,4558
032860,2005-01-10,7859699,7859699,7449232,7792389,8933
032860,2005-01-11,7533354,7850713,7486645,7740815,8621
032860,2005-01-12,7747701,8226296,7542420,8205375,13870
032860,2005-01-13,7809596,8220127,7695070,7947308,14493
032860,2005-01-14,7753946,8071366,7707268,8050456,40004
032860,2005-01-17,8277762,8847297,7867232,8669736,67794
032860,2005-01-18,8582368,8582368,8173790,8515015,30841
032860,2005-01-19,8376870,8673586,8376870,8515015,24176
032860,2005-01-20,8475263,9044581,8382122,8979377,35883
032860,2005-01-21,8841568,9616352,8591809,9392165,56838
032860,2005-01-24,9296824,9571843,8955847,9392165,48066
032860,2005-01-25,9256124,9825658,8845656,9237444,69785
032860,2005-01-26,8994149,9449374,8674590,8721310,22679
032860,2005-01-27,8468057,8834296,8309238,8515015,20779
032860,2005-01-28,8468057,9198333,8218299,8515015,6147
032860,2005-01-31,8514736,8673586,8264977,8515015,18650
032860,2005-02-01,8389326,8844303,8389326,8618163,7256
032860,2005-02-02,8803662,8803662,7618379,8463243,44558
032860,2005-02-03,8472858,8472858,7653565,7998882,6443
032860,2005-02-04,7868168,8484133,7709349,8463243,14067
032860,2005-02-07,8187039,8688726,8187039,8669736,21137
032860,2005-02-11,8688726,8961606,8277762,8669736,5117
032860,2005-02-14,8676311,8676311,8062485,8566589,54952
032860,2005-02-15,8303934,8670111,8054176,8308522,54120
032860,2005-02-16,8313376,8383146,8063369,8360096,24441
032860,2005-02-17,8475263,9249799,8179043,8979377,147996
032860,2005-02-18,8790590,8995840,8265812,8566589,85202
032860,2005-02-21,8595867,9529221,8390400,9237444,135516
032860,2005-02-22,8680823,10137499,8680823,9547084,80969
032860,2005-02-23,9370651,9529221,8686806,9237444,119671
032860,2005-02-24,8888247,9616352,8888247,9392165,48611
032860,2005-02-25,9045703,9570481,8795697,8772884,62679
032860,2005-02-28,8751323,9206362,7817719,8205375,95048
032860,2005-03-02,8067477,8683474,8067477,8205375,74865
032860,2005-03-03,8636796,8636796,8113908,8205375,30642
032860,2005-03-04,8530564,8530564,8028878,8463243,37883
032860,2005-03-07,9193671,9443429,8668645,9443739,208126
032860,2005-03-08,10550630,10550630,9866786,10527580,147674
032860,2005-03-09,10536009,11765832,10536009,11766142,177920
032860,2005-03-10,11782721,13035885,10849367,10940368,212261
032860,2005-03-11,11157041,12249431,9721968,12230503,121377
032860,2005-03-14,12914372,13689156,11775519,13623787,101861
032860,2005-03-15,13124020,14879085,12918801,14036773,57868
032860,2005-03-16,13314408,13839217,12404175,12385423,110522
032860,2005-03-17,11260198,12693318,11260198,12333651,44768
032860,2005-03-18,11839984,12864557,11839984,12591718,43055
032860,2005-03-21,12257158,12621443,11118058,11095287,51627
032860,2005-03-22,11124215,11581392,10029872,11353155,40192
032860,2005-03-23,11880287,11880287,10422123,10837220,57810
032860,2005-03-24,10427199,11316541,10427199,11043515,38854
032860,2005-03-25,11481571,12050889,11481571,11869289,24653
032860,2005-03-28,11881288,12814674,11881288,12385423,34069
032860,2005-03-29,12609394,12609394,12040075,12385423,22312
032860,2005-03-30,13678211,13722472,12401710,13727132,58889
032860,2005-03-31,13678211,14156590,12448388,13727132,41620
032860,2005-04-01,13123842,13807655,11733279,11714568,194023
032860,2005-04-04,11361947,13275367,11361947,11662796,82865
032860,2005-04-06,11893090,11893090,10845208,11095287,76242
032860,2005-04-07,10918996,11581392,10918996,11353155,34781
032860,2005-04-08,11265972,11401420,10787408,11198434,41394
032860,2005-04-11,11524685,11524685,10591072,10682301,29376
032860,2005-04-12,10233837,10803372,10233837,10579153,17293
032860,2005-04-13,10585987,11064582,10585987,11043515,4774
032860,2005-04-14,10837946,11201983,10585987,11043515,27832
032860,2005-04-15,10918996,11376174,10599438,11353155,14160
032860,2005-04-18,11411307,13074999,10797294,13056278,145527
032860,2005-04-19,13425137,14972567,13107531,13107851,648327
032860,2005-04-20,13176282,15064193,12333866,15068842,892166
032860,2005-04-21,15598658,17306580,15187694,17287900,1450581
032860,2005-04-22,17400376,19178812,16422511,16513699,1148336
032860,2005-04-25,16162187,18073436,14932148,15275335,581339
032860,2005-04-26,14576475,17355866,14256916,16513699,869321
032860,2005-04-27,16290818,16701564,14057622,14036773,476746
032860,2005-04-28,13605048,13971038,12419517,12695063,291729
032860,2005-04-29,12174176,14449710,12174176,13107851,264588
032860,2005-05-02,12952189,14455078,12861001,14139920,280942
032860,2005-05-03,13742346,14790228,13331816,14449561,305254
032860,2005-05-04,14767973,16611623,14245116,15068842,1036661
032860,2005-05-06,14631410,15632643,14470452,14449561,129102
032860,2005-05-09,14495678,16612674,13790881,16617044,300884
032860,2005-05-10,18407774,18909460,16379859,16358978,907418
032860,2005-05-11,15843670,17255588,15843670,16462125,153787
032860,2005-05-12,17151186,17151186,14782262,14759201,229480
032860,2005-05-13,14205845,16530228,13842056,15688123,207213
032860,2005-05-16,15723863,16134330,14470452,14449561,125694
032860,2005-05-17,15400910,15400910,14056819,14243068,103496
032860,2005-05-18,14466573,15082538,14011534,14604480,65892
032860,2005-05-19,14657894,15841255,14499107,15481630,128948
032860,2005-05-20,15142077,15597085,14369462,14346413,74406
032860,2005-05-23,14582087,14787337,13328957,13469065,127568
032860,2005-05-24,13066125,14046158,13066125,13572213,115067
032860,2005-05-25,13433456,13682998,13227742,13365918,123286
032860,2005-05-26,13218557,13832135,13174049,13314146,42944
032860,2005-05-27,13225899,15296184,13225899,15275335,201224
032860,2005-05-30,17195736,17195736,15807158,16152484,153765
032860,2005-05-31,15852397,16491732,15191922,15378482,87631
032860,2005-06-01,15180502,16478174,14975253,15481630,69897
032860,2005-06-02,15432731,17822544,14452667,17803834,444675
032860,2005-06-03,18792920,20431538,17905966,20435878,917887
032860,2005-06-07,21795392,23503532,19106660,23480512,971299
032860,2005-06-08,25984842,26964846,22523498,23480512,607195
032860,2005-06-09,22823530,26989644,22823530,26989704,585847
032860,2005-06-10,28711746,31033742,28506434,31015032,463107
032860,2005-06-13,35655028,35655028,35655028,35659440,55639
032860,2005-06-14,40993624,40993624,40993624,40974904,118499
032860,2005-06-15,34897084,38631248,34852576,34833864,739541
032860,2005-06-16,31077760,33673072,29644580,29621550,1022947
032860,2005-06-17,28409898,28704164,25450518,25906062,1766247
032860,2005-06-20,26339740,27364314,23700136,26318850,1054152
032860,2005-06-21,25856162,26493298,23965834,24357860,491675
032860,2005-06-22,24517726,27271886,24517726,25131862,1453623
032860,2005-06-23,24260490,26332730,21849478,22603164,773216
032860,2005-06-24,22109606,22473672,20560222,20951814,534857
032860,2005-06-27,20553304,22464802,20347806,21467948,705747
032860,2005-06-28,20962406,23968246,20759078,23016150,995613
032860,2005-06-29,23341450,23341450,21178024,21364800,454972
032860,2005-06-30,21496332,22635216,21087786,22500016,326321
032860,2005-07-01,22068242,24437166,22068242,23480512,996766
032860,2005-07-04,23253460,23663928,22683896,22912804,318675
032860,2005-07-05,23322824,23322824,19499826,20435878,1034282
032860,2005-07-06,20028066,21416678,19936878,20642172,416382
032860,2005-07-07,20922684,22628656,20922684,21674440,430971
032860,2005-07-08,21080624,21787776,20443458,20539026,305338
032860,2005-07-11,20395420,21579028,20395420,21261454,228643
032860,2005-07-12,21902820,24430284,21699740,24409434,426392
032860,2005-07-13,26217568,27561670,22621238,23377364,1294185
032860,2005-07-14,23440346,25284214,23122958,23377364,530218
032860,2005-07-15,23600650,25285698,23236582,23738578,549861
032860,2005-07-18,24098418,27261124,24098418,26215702,1054329
032860,2005-07-19,26424116,26424116,24375000,24925566,438338
032860,2005-07-20,24835402,24994220,21215476,22809656,577091
032860,2005-07-21,22264370,23653228,21627482,21674440,317882
032860,2005-07-22,21792554,23750700,21792554,22500016,422754
032860,2005-07-25,22664354,23028422,21480960,22190376,294699
032860,2005-07-26,22190518,25513936,22190518,25493076,604924
032860,2005-07-27,25933204,26229640,24021954,24409434,521214
032860,2005-07-28,24622488,27672592,23961982,24512580,1303202
032860,2005-07-29,24836254,26588716,24175502,24770648,614429
032860,2005-08-01,25147694,28333492,25147694,26834984,1240945
032860,2005-08-02,26828436,26828436,24461714,24667500,491778
032860,2005-08-03,24792320,25452826,23653468,23996646,332243
032860,2005-08-04,24175502,26747504,23536198,24770648,1135425
032860,2005-08-05,25046346,28507194,24796616,28486334,1473899
032860,2005-08-08,30257804,32738804,28710376,32717956,2987378
032860,2005-08-09,33543022,35500920,30721258,31066606,2583379
032860,2005-08-10,31544864,35731864,31339366,35711016,1974681
032860,2005-08-11,38157808,41049336,30416598,30395750,2509789
032860,2005-08-12,30420850,32378810,28257466,28486334,2483005
032860,2005-08-16,28619232,30007876,26955386,28073348,746999
032860,2005-08-17,28094746,32122992,28094746,30963260,2298439
032860,2005-08-18,30573712,31962542,28911974,29208762,598815
032860,2005-08-19,29064926,32843598,28495358,31272900,1559129
032860,2005-08-22,27890898,32014648,27890898,30240832,964175
032860,2005-08-23,30258554,34127984,30258554,31943954,1356193
032860,2005-08-24,31995774,34680136,31335268,33543730,1023798
032860,2005-08-25,33179446,34180900,29013614,29879616,664515
032860,2005-08-26,29954592,31616084,28043126,29002268,691893
032860,2005-08-29,28901140,29878994,26329136,26989704,576543
032860,2005-08-30,27783080,28716682,25937292,26576916,463860
032860,2005-08-31,26340492,26841992,25089252,25544848,411448
032860,2005-09-01,25807952,26830572,25717260,26834984,385988
032860,2005-09-02,27479706,28095704,26637292,26938130,546159
032860,2005-09-05,28304356,28304356,26756896,27144624,239842
032860,2005-09-06,27268060,27767836,26698754,26680064,318248
032860,2005-09-07,26909274,27364314,25816852,26318850,287435
032860,2005-09-08,26850568,26850568,25734806,25802716,207063
032860,2005-09-09,25523046,25863992,24794910,24977140,213612
032860,2005-09-12,24986286,26328186,24986286,25854488,245860
032860,2005-09-13,26138454,26138454,24385774,24409434,205761
032860,2005-09-14,23854640,24993460,23854640,24151366,193073
032860,2005-09-15,23528798,24417892,23120250,23325790,164147
032860,2005-09-16,23322176,24006052,22708382,23532086,135428
032860,2005-09-20,24183126,26026774,23863348,25389928,245684
032860,2005-09-21,26019428,26019428,24378828,24770648,135657
032860,2005-09-22,24419974,24989540,23327552,23738578,134550
032860,2005-09-23,23734076,24053606,23325500,23325790,119440
032860,2005-09-26,23974746,24179964,23542830,23841726,146151
032860,2005-09-27,23702178,25615566,23657670,24409434,158148
032860,2005-09-28,23964718,24419974,23691868,23738578,113531
032860,2005-09-29,24421482,26424198,23966506,25493076,532744
032860,2005-09-30,25934556,28918980,25091904,27350918,646516
032860,2005-10-04,27682564,28910184,26839930,27454264,497638
032860,2005-10-05,27973648,29429886,27266462,27247772,575772
032860,2005-10-06,26738964,27352542,25280304,25854488,310774
032860,2005-10-07,25815700,26749304,25519480,26525344,168008
032860,2005-10-10,26551328,28920002,26348000,28899122,585726
032860,2005-10-11,29519672,33253806,28291768,28382988,1877035
032860,2005-10-12,28462374,29325958,27892798,27918626,240088
032860,2005-10-13,27676616,28292634,26584476,26680064,205927
032860,2005-10-14,26700244,27885496,25927596,27867052,299583
032860,2005-10-17,26942962,27762286,26329136,26989704,262688
032860,2005-10-18,27267196,28609346,27199316,28382988,333437
032860,2005-10-19,27780930,28191676,24273432,24254712,432202
032860,2005-10-20,24580900,25285698,23738300,23738578,188569
032860,2005-10-21,23331442,23968574,22876402,23583658,121152
032860,2005-10-24,23130798,24472514,23130798,23996646,149995
032860,2005-10-25,24103452,25195626,24103452,24357860,125300
032860,2005-10-26,24889542,26346250,24434534,24822220,195070
032860,2005-10-27,24836254,25200106,24378828,24770648,78416
032860,2005-10-28,24634074,24634074,23245464,23222444,166667
032860,2005-10-31,23395400,24170184,23395400,23738578,80801
032860,2005-11-01,23408922,27325026,23339152,26783212,446823
032860,2005-11-02,26215754,26420972,25146950,25286780,223673
032860,2005-11-03,25514740,26130734,24377838,24719074,162867
032860,2005-11-04,25652386,25652386,24377838,24719074,145337
032860,2005-11-07,24737100,25283296,24373032,25080288,114697
032860,2005-11-08,25820382,27482338,25409882,25596422,480211
032860,2005-11-09,25918976,26532772,25076530,26215702,180673
032860,2005-11-10,26552956,27122276,25869144,26009210,273946
032860,2005-11-11,25936960,26802498,25822464,26009210,306908
032860,2005-11-14,26301888,27165472,26028760,27144624,403546
032860,2005-11-15,27883974,31183884,26131324,26112356,2500593
032860,2005-11-16,27273786,27273786,25679926,25771176,455256
032860,2005-11-17,26020674,26020674,24996102,25315940,287120
032860,2005-11-18,25333172,26472054,25333172,26112356,224931
032860,2005-11-21,26397194,26691462,25827908,25827908,208009
032860,2005-11-22,25483272,26734232,24685116,26169286,322421
032860,2005-11-23,26178796,26521664,25952130,26340074,182172
032860,2005-11-24,26748332,27091200,26360924,26340074,201653
032860,2005-11-25,26393634,26393634,25369092,25600388,153156
032860,2005-11-28,25665530,25938626,25140720,25600388,133687
032860,2005-11-29,25905718,26475004,25338320,25429798,170906
032860,2005-11-30,25497142,25952148,25382894,25884838,140746
032860,2005-12-01,26249276,26863352,25794052,26226216,192058
032860,2005-12-02,26347250,28100188,26347250,26965704,1255765
032860,2005-12-05,27726270,29434410,27089134,28160428,451455
032860,2005-12-06,28292336,28339024,25834870,27022632,355719
032860,2005-12-07,27078884,29422018,26054310,28103498,520134
032860,2005-12-08,28113744,32324116,27544176,30436018,1350859
032860,2005-12-09,30561154,30561154,28511790,29924050,413101
032860,2005-12-12,29933566,31595304,27723708,27819050,565745
032860,2005-12-13,27159508,27661194,25612294,25771176,547861
032860,2005-12-14,26067302,26590190,25383490,25771176,294053
032860,2005-12-15,25790564,26700860,25790564,26112356,273150
032860,2005-12-16,25096452,26347444,24118618,26055626,495276
032860,2005-12-19,25609942,27091940,25609942,26226216,156510
032860,2005-12-20,26233292,30146948,26165412,30151568,794058
032860,2005-12-21,30953954,34664560,30841598,34645820,981759
032860,2005-12-22,36294724,38229532,30331716,33678812,1543492
032860,2005-12-23,33345430,34824984,30726752,32029050,986361
032860,2005-12-26,32081434,34585560,30944504,33906332,872061
032860,2005-12-27,32995280,33791264,29580922,30379088,578316
032860,2005-12-28,31174332,32653872,29582392,29582672,464699
032860,2005-12-29,28737096,29533358,27303976,28786254,553689
032860,2006-01-02,29081162,32768678,29081162,32199640,517169
032860,2006-01-03,32422728,33969908,32422728,33337434,457296
032860,2006-01-04,33336042,34019672,31858384,32654678,165493
032860,2006-01-05,32991754,37542608,32991754,37547236,1176176
032860,2006-01-06,40970072,43201092,34141512,35214716,3739460
032860,2006-01-09,35607940,35836788,32195700,32996056,934597
032860,2006-01-10,32836570,34656820,31515560,33564956,1000264
032860,2006-01-11,33075980,33463358,30618288,30777396,723717
032860,2006-01-12,29704572,30796744,29020974,29753460,601318
032860,2006-01-13,30787574,31858826,29695152,29924050,604744
032860,2006-01-16,30048960,30618276,28910106,29412082,397566
032860,2006-01-17,29127118,31288590,28739710,30037908,692718
032860,2006-01-18,29581038,30787520,27533844,28558736,624697
032860,2006-01-19,28511572,29010880,26919632,27307082,468821
032860,2006-01-20,27034288,27944614,24462346,24462594,383902
032860,2006-01-23,22186558,28103456,22186558,28103498,1218070
032860,2006-01-24,28781556,30146768,23889510,25600388,1256209
032860,2006-01-25,25213774,26964562,24758548,26738184,751384
032860,2006-01-26,26748574,27385958,25838342,26681254,342025
032860,2006-01-27,27078204,27762048,26690798,27307082,521769
032860,2006-01-31,27416374,27871348,26802546,26965704,438795
032860,2006-02-01,27303458,28554452,25210114,25714248,536204
032860,2006-02-02,26396702,26623150,24529496,25941766,262703
032860,2006-02-03,24462296,25372528,24233706,24917830,205970
032860,2006-02-06,24018194,24928520,23448690,24405664,158942
032860,2006-02-07,24462358,25486900,24189230,25372870,194873
032860,2006-02-08,24799978,25595716,24459032,24690112,191233
032860,2006-02-09,24755514,26050984,24685744,25600388,264347
032860,2006-02-10,25669060,25895446,25099492,25372870,119486
032860,2006-02-13,25257818,26396702,25257818,25486728,166670
032860,2006-02-14,25140970,25710536,24300476,25145350,190063
032860,2006-02-15,25611420,25611420,24540168,24519524,121904
032860,2006-02-16,24233046,24802612,24121216,24121216,158482
032860,2006-02-17,24188754,24644040,23551588,23666176,145612
032860,2006-02-20,24303064,24303064,23619466,23666176,169587
032860,2006-02-21,23666362,24917602,23666362,24462594,211059
032860,2006-02-22,24459282,24914290,23889716,24235074,111082
032860,2006-02-23,24698554,26745500,24129266,25088420,342580
032860,2006-02-24,25154304,26589346,25109764,25884838,344261
032860,2006-02-27,26179444,26179444,25451338,25771176,146470
032860,2006-02-28,26006066,26164638,25254622,25714248,139413
032860,2006-03-02,25598568,25827156,24870462,25031492,139781
032860,2006-03-03,24927758,24927758,23973202,24064484,159471
032860,2006-03-06,23845424,24526882,23845424,24235074,117552
032860,2006-03-07,24085426,24587112,23518278,23609248,154861
032860,2006-03-08,23290056,24018164,23290056,23495586,138459
032860,2006-03-09,23448630,24018164,23448630,23950626,170294
032860,2006-03-10,23448630,23903884,23222210,23495586,156395
032860,2006-03-13,23559906,25039488,23559906,24178144,216029
032860,2006-03-14,24200382,25042800,24018194,24405664,156567
032860,2006-03-15,24803292,24803292,24074908,24462594,99809
032860,2006-03-16,24472770,24472770,22992972,23154208,132779
032860,2006-03-17,22979438,23275876,21843004,22414522,202936
032860,2006-03-20,22311894,23222188,21695928,22585312,102584
032860,2006-03-21,22867746,25598504,22186286,24576452,399632
032860,2006-03-22,25031450,25827186,24006876,24121216,226864
032860,2006-03-23,24913610,24913610,23616156,23893696,98422
032860,2006-03-24,24006844,24576162,23322998,23666176,91953
032860,2006-03-27,23775882,26282392,23437354,25486728,232033
032860,2006-03-28,25140720,25938626,24755514,25600388,134139
032860,2006-03-29,25210094,27870868,25140324,26624524,251658
032860,2006-03-30,26289834,26859400,25561728,25657318,103903
032860,2006-03-31,25824198,27644508,25436852,27534600,227314
032860,2006-04-03,27533860,29013690,26964326,28103498,184489
032860,2006-04-04,28669424,28669424,27416290,27420940,88825
032860,2006-04-05,27647588,29809028,27306828,29582672,282495
032860,2006-04-06,29930758,31296030,28794044,29298222,159319
032860,2006-04-07,30149726,30718982,28284690,29127632,149533
032860,2006-04-10,29306506,33446892,29306506,33451294,943739
032860,2006-04-11,34822880,35574292,31067760,34304640,788409
032860,2006-04-12,35267020,39430652,33106008,34361372,784149
032860,2006-04-13,34588756,36635704,33678492,34133852,237239
032860,2006-04-14,34697680,38408536,34016252,35271648,477708
032860,2006-04-17,34697752,37542608,34242716,37547236,342852
032860,2006-04-18,37774736,42666752,36477032,38229992,493545
032860,2006-04-19,37660416,39821632,37660416,37774756,118347
032860,2006-04-20,38112680,39249392,32149648,32427158,329982
032860,2006-04-21,32433032,36076040,32433032,34304640,220731
032860,2006-04-24,34312504,36973280,34312504,36636960,305818
032860,2006-04-25,35611772,42097640,35611772,39481448,455817
032860,2006-04-26,39248860,42959684,38180028,39367788,385828
032860,2006-04-27,40625804,45246688,39260284,42382864,725153
032860,2006-04-28,42393340,47787320,41642112,47787392,417010
032860,2006-05-02,50518428,54955220,49720060,54955540,629190
032860,2006-05-03,52339036,52339036,46763112,46763456,560491
032860,2006-05-04,42333520,44041700,39784884,39765896,1361261
032860,2006-05-08,39704524,40388400,37316600,39253928,801953
032860,2006-05-09,39376136,39831112,33413084,33394364,892787
032860,2006-05-10,33416804,36534972,33416804,33508024,752402
032860,2006-05-11,34357376,34768124,32308478,33792472,474130
032860,2006-05-12,33804180,33916540,32392200,33508024,218055
032860,2006-05-15,33514950,34994500,31923228,32427158,521627
032860,2006-05-16,31925520,32833678,30604818,31403222,331608
032860,2006-05-17,31410582,32274166,30726738,31573812,197340
032860,2006-05-18,30216966,30830796,28781678,30151568,195800
032860,2006-05-19,29582438,30492698,28625494,30492948,356437
032860,2006-05-22,30947624,31697156,29582392,29582672,162971
032860,2006-05-23,29202560,30045226,27496590,27477870,192178
032860,2006-05-24,27271260,27954826,26293128,27705388,343032
032860,2006-05-25,28443650,28443650,25712858,25941766,218976
032860,2006-05-26,26278916,27415848,25709630,25714248,160665
032860,2006-05-29,26050328,26687464,25709630,25714248,100611
032860,2006-05-30,25891818,27303552,25709692,26169286,147025
032860,2006-06-01,25895064,26396722,24121216,24121216,145091
032860,2006-06-02,24243256,25039456,23559938,23723106,128842
032860,2006-06-05,23903516,25042120,23107284,23609248,55985
032860,2006-06-07,23106126,23106126,21124892,21106138,106814
032860,2006-06-08,20706904,21617136,20662642,21276728,132837
032860,2006-06-09,21955116,23502298,21796296,22869760,211215
032860,2006-06-12,22752992,23390188,22410124,22869760,96317
032860,2006-06-13,22756034,22756034,21731458,22187004,104036
032860,2006-06-14,22937528,25486408,22937528,25486728,533739
032860,2006-06-15,26748332,29138176,24586858,26340074,733069
032860,2006-06-16,26738112,28217694,25599042,26738184,407617
032860,2006-06-19,26279778,26734816,24186152,24235074,172201
032860,2006-06-20,23619466,24576162,23322998,23666176,131483
032860,2006-06-21,24347962,25213716,23278910,23552318,272827
032860,2006-06-22,24344370,27074944,23616264,27079562,298451
032860,2006-06-23,28440174,29350438,25709630,25714248,750102
032860,2006-06-26,26134996,27385958,25042606,26681254,401422
032860,2006-06-27,26848464,27142762,25938448,26624524,174113
032860,2006-06-28,25941908,26168576,24917614,25372870,195716
032860,2006-06-29,25486842,26282826,25099466,26283146,168325
032860,2006-06-30,26748792,28457212,26249276,26226216,303430
032860,2006-07-03,26848976,27143232,26165348,26965704,151520
032860,2006-07-04,27075580,27075580,26165348,26510664,112457
032860,2006-07-05,24541082,25498024,24358922,24405664,204046
032860,2006-07-06,23899998,24469502,23512592,24292004,132938
032860,2006-07-07,24243514,25221410,24243514,24633382,115784
032860,2006-07-10,24200304,24883932,24085808,24860902,86280
032860,2006-07-11,24984742,25257838,24461854,25031492,59720
032860,2006-07-12,25483576,25483576,24459032,24690112,54429
032860,2006-07-13,24121216,24758352,23960196,24121216,92161
032860,2006-07-14,23434698,23889674,22752992,22869760,84506
032860,2006-07-18,23332796,23561136,22035124,22016414,68253
032860,2006-07-19,21853246,23218486,21694146,22016414,91167
032860,2006-07-20,23275446,23275446,22365214,22528382,59090
032860,2006-07-21,22071964,22641280,21913176,22300862,57290
032860,2006-07-24,22297334,22638310,21727986,22528382,44781
032860,2006-07-25,22591620,23319726,21613726,21618106,59649
032860,2006-07-26,21845326,22937500,21684586,22300862,58786
032860,2006-07-27,22592034,23208278,22251306,22869760,74296
032860,2006-07-28,22823472,22867732,22253904,22755902,62892
032860,2006-07-31,22876092,24014914,22535364,23723106,106394
032860,2006-08-01,24472610,27271282,24472610,27250152,953330
032860,2006-08-02,28852684,30332296,27648162,28558736,1341275
032860,2006-08-03,29022772,30957342,24310714,24292004,1798359
032860,2006-08-04,24810724,25265950,23900678,25088420,418824
032860,2006-08-07,24916904,26121436,24347588,25486728,390902
032860,2006-08-08,26063856,26360262,24925254,25543460,382078
032860,2006-08-09,25096266,26506046,24573410,26510664,266909
032860,2006-08-10,25938626,26575762,25255030,25600388,160519
032860,2006-08-11,25827094,26851666,24527532,24576452,166904
032860,2006-08-14,24355686,25153622,24196866,25088420,104499
032860,2006-08-16,25139998,25823842,23730464,23893696,174659
032860,2006-08-17,23892316,24529512,23665898,23666176,68136
032860,2006-08-18,23549006,24118324,23093750,23324798,146951
032860,2006-08-21,23392802,25031450,23392802,24121216,127805
032860,2006-08-22,24006844,24870430,24006844,24576452,138111
032860,2006-08-23,25140082,25891528,24411946,24803972,218329
032860,2006-08-24,24696384,25903086,24696384,25543460,117943
032860,2006-08-25,25554500,26350734,24870904,25372870,90622
032860,2006-08-28,25095834,25823940,25095834,25714248,95784
032860,2006-08-29,25710242,26051220,23548988,24235074,132354
032860,2006-08-30,24347544,24984678,24006844,24576452,91565
032860,2006-08-31,24984678,25031388,24576132,24576452,77388
032860,2006-09-01,24458606,25709630,24458606,25714248,110259
032860,2006-09-04,25665090,26232454,25483180,25714248,155050
032860,2006-09-05,26178796,27091200,25679002,26340074,180215
032860,2006-09-06,26235726,28329382,26009336,26852042,302196
032860,2006-09-07,27419630,30834048,27032242,30834326,571054
032860,2006-09-08,32426190,34020052,28852768,29924050,1440848
032860,2006-09-11,29582416,32607258,29080730,31858262,1205203
032860,2006-09-12,32536754,34128692,29351204,29696530,1227038
032860,2006-09-13,29464820,29873582,27870900,28444876,541774
032860,2006-09-14,28565706,29134994,28178298,28843184,381814
032860,2006-09-15,28623052,29078062,27031114,27875978,634857
032860,2006-09-18,28216852,29764250,27598716,28672396,811670
032860,2006-09-19,29579132,31399626,28440248,28444876,939596
032860,2006-09-20,28522692,30345138,28113898,30322358,433722
032860,2006-09-21,30341692,30728852,28861864,28843184,412838
032860,2006-09-22,28443542,30037402,27988532,29582672,329520
032860,2006-09-25,29691458,30944372,27985208,27989838,579312
032860,2006-09-26,27497228,27723648,26860092,27364010,276533
032860,2006-09-27,27432670,27729076,25953056,26226216,197272
032860,2006-09-28,26282454,27146010,25712858,26396806,231867
032860,2006-09-29,27159326,29708234,26863166,27591530,597563
032860,2006-10-02,28069806,29481788,27159512,27136492,198200
032860,2006-10-04,26690752,27260318,25827200,26396806,148208
032860,2006-10-09,25950980,26588146,22490380,22471452,266514
032860,2006-10-10,22183036,23889068,22183036,23893696,161873
032860,2006-10-11,23437354,27488846,22937528,25486728,302446
032860,2006-10-12,25824348,26050984,24867654,25600388,87358
032860,2006-10-13,25713598,26738140,25713598,25827908,89363
032860,2006-10-16,26293074,26930272,25952130,26340074,74229
032860,2006-10-17,26734220,27074920,24299836,25259010,105252
032860,2006-10-18,25031644,25554500,24644268,25372870,57363
032860,2006-10-19,25369310,26051234,25028582,25145350,76260
032860,2006-10-20,25028582,25710536,25028582,25145350,84968
032860,2006-10-23,25370034,27647770,25370034,27307082,124199
032860,2006-10-24,27647578,31402664,26623004,31403222,983061
032860,2006-10-25,36082024,36082024,26748602,29867120,1080727
032860,2006-10-26,30601732,31171266,29646960,29810190,182369
032860,2006-10-27,29819298,30274556,27837998,28729326,126555
032860,2006-10-30,28672748,32313832,28511790,29924050,352916
032860,2006-10-31,30150210,32084768,29809306,30379088,117115
032860,2006-11-01,30833400,31743660,30037444,30492948,82671
032860,2006-11-02,30375800,33743540,30375800,32427158,243757
032860,2006-11-03,31967090,33514550,31581882,32085780,147169
032860,2006-11-06,32198990,36864340,30492740,36864680,1541319
032860,2006-11-07,39252692,41528260,36248804,37661096,1425726
032860,2006-11-08,37554308,43312096,37554308,43293140,760562
032860,2006-11-09,45621236,47670104,42435192,44715384,1845213
032860,2006-11-10,44828200,46604252,42848888,43577592,640976
032860,2006-11-13,45067332,45408056,42973924,43634520,385032
032860,2006-11-14,44146180,45579112,40617252,44601528,297321
032860,2006-11-15,44665764,46600636,43870060,44829244,376842
032860,2006-11-16,44835964,45974788,44154288,44658456,208312
032860,2006-11-17,44666432,46874400,44552152,44715384,214433
032860,2006-11-20,44451044,51392424,44451044,51371564,899257
032860,2006-11-21,54613768,56273336,46078772,52338572,1953834
032860,2006-11-22,52335144,56612868,48920788,49380424,1156113
032860,2006-11-23,49274912,50026356,45860552,46479008,464444
032860,2006-11-24,46986556,48694692,46487004,47446212,335877
032860,2006-11-27,47896632,49945748,47214924,48356288,273928
032860,2006-11-28,48477016,55600056,48477016,55581368,1046512
032860,2006-11-29,55592368,59961588,54500008,56320856,404015
032860,2006-11-30,56320596,60757608,55865344,58596444,235458
032860,2006-12-01,58596404,59847376,56889916,58596444,110768
032860,2006-12-04,58140636,67357304,53589536,67357624,883574
032860,2006-12-05,69404248,77369680,69404248,77370264,617268
032860,2006-12-06,83286456,88974464,77369832,82376480,681235
032860,2006-12-07,83854264,88974928,76800944,84083176,516102
032860,2006-12-08,84193976,96594240,80779552,96598920,909035
032860,2006-12-11,103648952,109224616,82144312,82148960,1520541
032860,2006-12-12,77370456,83968464,69859720,79531992,1539959
032860,2006-12-13,78507272,83172832,70543696,72249984,665092
032860,2006-12-14,70766592,83054520,70425640,83059240,1383865
032860,2006-12-15,85333752,92389200,78962376,83628136,1305868
032860,2006-12-18,83850968,96139232,83055304,96143880,1041290
032860,2006-12-19,101491520,110479632,100238456,110479976,320566
032860,2006-12-20,126864064,126864064,126864064,126864344,88982
032860,2006-12-21,121739696,133686968,108086272,126295448,1954394
032860,2006-12-22,111613216,117188864,107517184,107521832,361321
032860,2006-12-26,96141928,97735880,91478808,91478840,1204066
032860,2006-12-27,82261744,84196552,77824920,77825304,1294771
032860,2006-12-28,73382784,74976624,66215388,66219832,11411532
032860,2007-01-02,67580776,72017504,61664124,67585144,4789383
032860,2007-01-03,69859352,77141264,69063432,71908808,5823790
032860,2007-01-04,71677128,72360720,61209404,62009832,2696772
032860,2007-01-05,62008028,63601920,52903472,53704084,2708834
032860,2007-01-08,53714988,56674396,49163700,50802668,2553077
032860,2007-01-09,52107160,58364480,51493368,58368924,3797431
032860,2007-01-10,58936276,59050776,50174804,51883532,2233862
032860,2007-01-11,52346104,55487392,49501036,50688808,2032496
032860,2007-01-12,51765624,52675888,50127224,50745740,936196
032860,2007-01-15,51844248,56101300,51321360,53419636,1581853
032860,2007-01-16,53485328,53485328,49683560,49664872,915521
032860,2007-01-17,50286628,50286628,44666508,46080700,1119645
032860,2007-01-18,46089080,48432244,45519512,46023968,959407
032860,2007-01-19,44668924,45623484,40505016,40505584,933331
032860,2007-01-22,40570344,41753708,37725244,41074480,1081591
032860,2007-01-23,40050496,47218292,40050496,43577592,2865763
032860,2007-01-24,44453896,44726996,39263496,40790032,1157730
032860,2007-01-25,41308992,43469968,40694916,42496724,1012414
032860,2007-01-26,41312372,41723332,39788540,40334796,763202
032860,2007-01-29,40957768,44824992,40957768,42439796,1688466
032860,2007-01-30,42504776,44369596,40614480,44374008,846850
032860,2007-01-31,45057044,45920632,41073060,41302000,1296113
032860,2007-02-01,41413000,43186860,40341776,41529520,783164
032860,2007-02-02,42446124,47568648,42287336,45113692,2737856
032860,2007-02-05,45166276,47441780,42778352,47446212,1150866
032860,2007-02-06,47787300,53199848,46648200,48697668,3246278
032860,2007-02-07,48806908,49717140,47214968,49266564,817560
032860,2007-02-08,49604796,53995128,49490796,51087116,2621065
032860,2007-02-09,51321976,51550840,49730284,50575148,606865
032860,2007-02-12,49899296,50583108,46601328,46990976,634383
032860,2007-02-13,46487072,49103580,45621316,47901252,724815
032860,2007-02-14,48355088,48924404,46422204,47218496,774346
032860,2007-02-15,47066528,47976856,45178464,45227352,670092
032860,2007-02-16,44666480,45394588,42890460,42894832,515529
032860,2007-02-20,42666616,44601432,42666616,44146488,431071
032860,2007-02-21,44142916,44598172,43004308,43008692,439350
032860,2007-02-22,43004712,43914976,41707040,41984756,394538
032860,2007-02-23,42096964,43462528,41756268,41870896,393092
032860,2007-02-26,42451508,44568224,42451508,43065624,496494
032860,2007-02-27,46648880,49493948,46307932,49494084,1530987
032860,2007-02-28,46952784,56216188,45858472,52395500,4513174
032860,2007-03-02,53485464,56057436,50867000,51485228,2056864
032860,2007-03-05,51210344,55080016,49230996,52736880,1630597
032860,2007-03-06,55633780,60639888,55633780,60644516,1729559
032860,2007-03-07,64623800,65646232,57796944,59734240,3898969
032860,2007-03-08,61094512,67125408,60184468,63944240,3515920
032860,2007-03-09,65081448,65081448,59960844,61440932,1341585
032860,2007-03-12,60871800,60986088,53475408,54045264,1793568
032860,2007-03-13,54041972,59048108,51652120,56548572,1593686
032860,2007-03-14,54611164,56317472,52744268,52907468,846728
032860,2007-03-15,53472344,55360504,52676636,52907468,864216
032860,2007-03-16,53475476,56547200,51722756,56320856,1299725
032860,2007-03-19,56900556,59972080,56445324,56833020,1397321
032860,2007-03-20,57683428,57683428,53248528,53248848,864415
032860,2007-03-21,53553764,56216712,53371608,55467508,1203474
032860,2007-03-22,56546512,59277272,54613812,54614164,1726172
032860,2007-03-23,55251576,62806812,54045076,60872036,1973353
032860,2007-03-26,61212196,61212196,55295608,58710304,980105
032860,2007-03-27,60413376,65079032,58592880,60189476,2774419
032860,2007-03-28,59729860,64509488,58592928,61099752,2172436
032860,2007-03-29,63716140,65308108,61552932,62806444,1925924
032860,2007-03-30,62008216,62577716,58934492,59165344,904340
032860,2007-04-02,59388460,61437576,58363920,60303136,713787
032860,2007-04-03,61896480,62008580,57230844,57231132,590700
032860,2007-04-04,56887536,58367112,56205828,57800028,485637
032860,2007-04-05,57113048,58137656,55406796,56207196,525806
032860,2007-04-06,56203256,59048132,56203256,57458652,673480
032860,2007-04-09,58363896,58592452,56725496,58027548,350242
032860,2007-04-10,57685320,62350952,56889588,62351208,1069052
032860,2007-04-11,62574728,64964576,60982792,62465068,1147588
032860,2007-04-12,62574860,67466880,60868860,67471288,1381462
032860,2007-04-13,68608696,71794736,65080028,65423216,1628712
032860,2007-04-16,65422904,68039384,64853396,67243768,932063
032860,2007-04-17,66902836,67129264,57230844,59961956,928732
032860,2007-04-18,59274184,61892616,59274184,60303136,440391
032860,2007-04-19,61097948,61667160,58026364,58255264,336506
032860,2007-04-20,58364612,62803328,58364612,62009832,448317
032860,2007-04-23,63485004,63599284,61550164,63375344,343059
032860,2007-04-24,63939512,63939512,59159884,59848100,410438
032860,2007-04-25,59844160,62460428,59274660,62009832,474752
032860,2007-04-26,62688956,63144244,59729796,59734240,379533
032860,2007-04-27,58933340,59843668,56886392,57117472,298662
032860,2007-04-30,57238024,58376848,55258648,55239988,186146
032860,2007-05-02,55406656,57796464,55406656,57572508,139627
032860,2007-05-03,57001596,58936372,57001596,57800028,81682
032860,2007-05-04,57909500,58819704,57113492,57458652,73367
032860,2007-05-07,57456816,58481356,56546492,57344988,161348
032860,2007-05-08,57456756,57685344,54681640,55069400,189549
032860,2007-05-09,54795940,56320092,53930184,54614164,172151
032860,2007-05-10,55535428,55831892,53486588,53533296,185688
032860,2007-05-11,53539880,54382276,51196444,54386644,163662
032860,2007-05-14,55178640,59048064,53358144,55638296,416711
032860,2007-05-15,56091936,57571732,54044984,54045264,152387
032860,2007-05-16,54044956,56547092,53475424,54500500,148941
032860,2007-05-17,55524532,56161920,54044956,54500500,108123
032860,2007-05-18,54169796,56104632,54169796,55467508,111585
032860,2007-05-21,56772100,56772100,55065856,55296920,94008
032860,2007-05-22,56327760,56897080,54962456,55239988,124094
032860,2007-05-23,55292936,55976844,54837680,55183060,114607
032860,2007-05-25,55409800,55409800,53475248,54614164,164585
032860,2007-05-28,54611520,55633916,54611520,55638296,95895
032860,2007-05-29,55633000,57682148,55633000,56662232,216773
032860,2007-05-30,56889568,57001492,54613812,54614164,134397
032860,2007-05-31,54692608,55079996,53485848,54102196,137449
032860,2007-06-01,54284360,54625120,51210700,51712944,237639
032860,2007-06-04,51196796,52676596,50172256,50631880,137154
032860,2007-06-05,50699880,52177508,50699880,50973256,96827
032860,2007-06-07,50973672,52861832,50973672,52679952,104978
032860,2007-06-08,52678916,52678916,50972980,50973256,87848
032860,2007-06-11,51267244,51950840,50060572,50973256,87473
032860,2007-06-12,50063364,51722904,50063364,51314636,69907
032860,2007-06-13,51428884,52906296,51314388,51769676,110858
032860,2007-06-14,51958712,52299628,51162696,51144048,86615
032860,2007-06-15,51049140,54052564,50981292,52850740,182524
032860,2007-06-18,53998496,53998496,52861780,53590228,115691
032860,2007-06-19,53816616,55137348,52906324,53590228,132731
032860,2007-06-20,53882724,56543496,53427716,54386644,196336
032860,2007-06-21,54156184,62460416,54156184,62465068,592433
032860,2007-06-22,64394868,65988668,61892632,63944240,873341
032860,2007-06-25,63030028,69401656,63030028,63830380,755419
032860,2007-06-26,64850104,67011144,61437612,65309556,387192
032860,2007-06-27,67694848,75090800,59843484,59848100,2221998
032860,2007-06-28,60982912,61095304,57454468,58368924,434330
032860,2007-06-29,59051444,61326980,57457336,60416996,314788
032860,2007-07-02,60298728,65533460,60298728,62578728,425030
032860,2007-07-03,64053804,64623124,59843512,60758376,214333
032860,2007-07-04,60416924,62577936,59051376,59051684,220601
032860,2007-07-05,59844264,60868872,58138016,58824164,134787
032860,2007-07-06,59506652,63488188,59392124,61327272,282779
032860,2007-07-09,62459964,62459964,59047712,59393060,220471
032860,2007-07-10,59732432,63032512,58710000,62806444,233814
032860,2007-07-11,61896548,64853480,60872008,60872036,289567
032860,2007-07-12,62803284,63029948,60072464,60644516,115986
032860,2007-07-13,60868884,61437952,57454468,57458652,255018
032860,2007-07-16,57908784,58478348,55292520,55296920,131952
032860,2007-07-18,55178020,56657628,54723012,55751956,97642
032860,2007-07-19,55065836,56543496,54382276,54386644,96719
032860,2007-07-20,55717576,56286892,54055868,56264124,100427
032860,2007-07-23,55251704,59165604,55251704,55865816,103801
032860,2007-07-24,55976132,58251984,55976132,57117472,80470
032860,2007-07-25,58364612,64280708,56886952,62009832,681290
032860,2007-07-26,62463612,63602528,60643116,61327272,187027
032860,2007-07-27,63488180,70429248,62008260,70429632,1328085
032860,2007-07-30,73386296,80897048,72020992,80897304,1558550
032860,2007-07-31,80897048,80897048,80897048,80897304,0
032860,2007-08-01,77366656,92952800,71676680,71681088,1593519
032860,2007-08-02,73386432,78735632,64284012,65423216,920559
032860,2007-08-03,68150648,75203704,66670852,75208336,1130767
032860,2007-08-06,76227832,84193048,73952056,73956680,1067121
032860,2007-08-07,75094976,81352328,73160200,73160264,458966
032860,2007-08-08,73728600,79645216,73159312,75094472,356078
032860,2007-08-09,78962352,84197304,75435640,81352544,752081
032860,2007-08-10,79190440,83171984,76231064,77825304,428874
032860,2007-08-13,78503688,80209896,71562808,71567424,438924
032860,2007-08-14,73952728,74407704,67922104,67926520,250106
032860,2007-08-16,63370224,64849772,57796496,58027548,280010
032860,2007-08-17,59051360,63033144,58141068,58141408,243902
032860,2007-08-20,60985692,66788036,59846624,65992112,218092
032860,2007-08-21,67011144,67011144,63029360,65309556,214538
032860,2007-08-22,65308788,66333324,61667692,62692588,153786
032860,2007-08-23,65305120,65305120,62347848,62578728,120979
032860,2007-08-24,62805972,66218500,62008124,65992112,203951
032860,2007-08-27,67240488,72928248,66215952,69291840,403454
032860,2007-08-28,70540608,72701864,69287504,70202112,197763
032860,2007-08-29,67125968,69857064,59730012,69746880,130697
032860,2007-08-30,71676336,71790824,67125552,68040184,92058
032860,2007-08-31,67584216,70998568,67243264,70429632,126826
032860,2007-09-03,71677248,71677248,67011836,67016248,123647
032860,2007-09-04,67014236,68379752,65422488,65992112,124485
032860,2007-09-05,66215392,67353968,63484604,64399280,98187
032860,2007-09-06,63370660,65191004,61779004,63375344,90082
032860,2007-09-07,65422496,68038728,62122416,66902388,185592
032860,2007-09-10,67126560,67243040,63487676,65992112,87964
032860,2007-09-11,67014160,67014160,64056924,64171760,68092
032860,2007-09-12,64397952,70088128,64057196,67357624,356797
032860,2007-09-13,67354832,73952816,67354832,67471288,877425
032860,2007-09-14,68834760,69404296,65079432,65992112,188093
032860,2007-09-17,66556064,66556064,62915256,64399280,177390
032860,2007-09-18,63825288,64964172,62460016,62578728,169325
032860,2007-09-19,63717044,64172052,60872008,60872036,144856
032860,2007-09-20,61778288,61778288,58023168,59848100,114898
032860,2007-09-21,60302428,60986208,58596392,59506720,65177
032860,2007-09-27,62574068,62574068,59617108,60758376,74336
032860,2007-09-28,61893004,61893004,58707176,59734240,70841
032860,2007-10-01,59506688,60643060,59051400,59506720,89868
032860,2007-10-02,59620612,60302288,55751216,56320856,158380
032860,2007-10-04,56320180,59277424,55524224,59165344,128967
032860,2007-10-05,59729784,61779152,57454468,57458652,175020
032860,2007-10-08,57339328,61892500,56886208,59393060,185826
032860,2007-10-09,59503400,61323928,56999244,57458652,165508
032860,2007-10-10,57796944,60639876,57796944,59734240,100944
032860,2007-10-11,59048244,64736028,59048244,64285420,425776
032860,2007-10-12,63146604,66787628,62350836,62806444,227857
032860,2007-10-15,62234052,65079152,61323816,64740656,195999
032860,2007-10-16,63370852,64509676,56999208,58824164,191227
032860,2007-10-17,57230844,58822784,54500016,57231132,153753
032860,2007-10-18,57909776,62348736,57456692,61440932,197364
032860,2007-10-19,60530548,63373508,60530548,61896168,263798
032860,2007-10-22,58023124,71107080,58023124,69860736,846950
032860,2007-10-23,72704880,72704880,68153592,70884672,370336
032860,2007-10-24,70998040,75320768,61440640,61440932,606763
032860,2007-10-25,61440640,62463016,58936240,61440932,240039
032860,2007-10-26,61781396,64171180,61781396,63716524,103975
032860,2007-10-29,63713188,64735564,60298776,63489004,201391
032860,2007-10-30,62918400,70088216,61440772,70088256,191478
032860,2007-10-31,71107080,73725720,70196816,70315776,295099
032860,2007-11-01,69856776,72360680,69060576,72022464,162269
032860,2007-11-02,69745424,73615072,67698480,69519360,270695
032860,2007-11-05,70540352,70540352,66101576,67016248,128255
032860,2007-11-06,67125856,68150432,63711464,66105972,108064
032860,2007-11-07,69177560,76004200,67128384,75094472,262473
032860,2007-11-08,72363584,81010784,72363584,77825304,367629
032860,2007-11-09,77821696,78958672,75658592,77142544,136770
032860,2007-11-12,75658560,82828064,75317800,76687504,230376
032860,2007-11-13,76231168,79076016,68267664,68267704,242291
032860,2007-11-14,70197744,77708160,69175088,70202112,191227
032860,2007-11-15,71453832,73500808,67129240,67698808,125499
032860,2007-11-16,66555824,66555824,59957780,60303136,267363
032860,2007-11-19,58363924,63598836,58363924,62123688,135947
032860,2007-11-20,60640216,68832432,59162588,68836600,124669
032860,2007-11-21,70767016,71677312,67240520,67471288,163989
032860,2007-11-22,68264240,73725824,67466336,71681088,383095
032860,2007-11-23,71453536,72590216,63373524,71453568,208370
032860,2007-11-26,72017288,72017288,65988556,68040184,164911
032860,2007-11-27,67812744,68039384,59392000,67243768,136314
032860,2007-11-28,67125832,67125832,62915492,62920108,95565
032860,2007-11-29,64853608,65194308,53589712,56320856,484867
032860,2007-11-30,56502632,60416812,56320508,56320856,377830
032860,2007-12-03,56546448,58595564,51538168,54159124,178640
032860,2007-12-04,54159236,55524532,50585996,54500500,232388
032860,2007-12-05,55929660,58592632,53471996,53476368,206078
032860,2007-12-06,53590116,54567948,50404228,50404360,297313
032860,2007-12-07,50060084,51652020,47215012,50631880,241717
032860,2007-12-10,49604724,50514988,45166016,45170424,335800
032860,2007-12-11,45351336,46034936,40958868,43577592,309506
032860,2007-12-12,41709872,44146176,41072516,43691448,185109
032860,2007-12-13,42106844,43198976,40694892,40676172,130492
032860,2007-12-14,40570344,41707060,39249612,41074480,153730
032860,2007-12-17,40957320,41410216,40000408,41188140,109073
032860,2007-12-18,40960284,42279152,40232208,41870896,171518
032860,2007-12-20,41878456,43766584,40512936,41131412,255297
032860,2007-12-21,40518256,41199696,35007828,34987196,212471
032860,2007-12-24,34939300,34939300,29772202,29753460,1461990
032860,2007-12-26,29761238,30944630,29306230,29810190,402064
032860,2007-12-27,29930990,31751516,29475982,29753460,654036
032860,2007-12-28,29923986,30787574,29309946,29924050,161262
032860,2008-01-02,30685940,33986300,30161132,32142710,456706
032860,2008-01-03,31626384,33628852,31239222,32996056,230043
032860,2008-01-04,32994690,35270216,32994690,34133852,379042
032860,2008-01-07,33220884,33969908,32651318,33337434,174535
032860,2008-01-08,32836084,33449912,29809072,30492948,258841
032860,2008-01-09,29479014,30456908,29320226,30436018,88205
032860,2008-01-10,30445928,30901182,29764282,30037908,117954
032860,2008-01-11,30160200,30388542,26243848,26908972,458433
032860,2008-01-14,26394154,27190108,25323150,26055626,300553
032860,2008-01-15,26289896,26815140,25902488,26112356,114398
032860,2008-01-16,25383510,26408052,25269200,25315940,79902
032860,2008-01-17,25326074,26009670,23551978,23552318,217718
032860,2008-01-18,23562366,26178848,22194894,25884838,361554
032860,2008-01-21,25608376,27610814,25494098,25657318,255838
032860,2008-01-22,25499502,25499502,21856278,22698972,234612
032860,2008-01-23,23211256,23505524,22186716,22187004,117121
032860,2008-01-24,22300640,25486408,22186330,25486728,217016
032860,2008-01-25,26407404,27772676,25382894,25884838,179811
032860,2008-01-28,25823842,26960556,23889068,23893696,156807
032860,2008-01-29,24526838,24800216,22752992,22869760,105133
032860,2008-01-30,23336056,25954522,22834370,23154208,289808
032860,2008-01-31,22990402,23674030,22420866,23267870,62086
032860,2008-02-01,23434036,24117878,21613726,21618106,115604
032860,2008-02-04,21731264,23504866,21731264,22300862,58950
032860,2008-02-05,22376326,23788246,22194416,22812830,60195
032860,2008-02-11,22831108,23787802,22490380,22471452,68682
032860,2008-02-12,22982332,25554306,22755912,24121216,219700
032860,2008-02-13,24355642,25723052,23445410,24178144,155597
032860,2008-02-14,25608446,25608446,23899998,24747042,148394
032860,2008-02-15,24303034,25143496,24233016,24576452,158832
032860,2008-02-18,24696384,26063856,24584276,25543460,198171
032860,2008-02-19,25781170,27193150,25713290,26738184,267117
032860,2008-02-20,26862412,27091248,22834196,24974562,136726
032860,2008-02-21,25028128,25550768,23956908,24348934,166004
032860,2008-02-22,24117874,24458604,23207332,23438658,73491
032860,2008-02-25,23047300,24573562,23047300,24235074,114289
032860,2008-02-26,25028222,27826396,24458686,25259010,494657
032860,2008-02-27,25257866,25325436,23665898,23666176,215156
032860,2008-02-28,23848026,24984678,23848026,24576452,80203
032860,2008-02-29,24576132,25031388,23960136,24576452,60984
032860,2008-03-03,24415780,24415780,22755994,23097280,122173
032860,2008-03-04,23161600,23889674,22592034,22869760,102105
032860,2008-03-05,23096570,23777996,22755840,22755902,82523
032860,2008-03-06,23096722,23551978,22595254,23097280,99034
032860,2008-03-07,22641314,23278728,22527034,22755902,58276
032860,2008-03-10,22752578,22979028,21387058,21618106,168424
032860,2008-03-11,21058308,22493628,21058308,22243932,48784
032860,2008-03-12,22413352,22868358,22140254,22187004,72042
032860,2008-03-13,22139652,25486408,21731322,25486728,942102
032860,2008-03-14,26123562,26735218,24233016,24576452,645834
032860,2008-03-17,25224886,26475910,24426516,25771176,600327
032860,2008-03-18,26848470,29578982,24799354,24803972,3249868
032860,2008-03-19,25368888,25709616,23889338,24803972,494969
032860,2008-03-20,25106690,27200098,25106690,25657318,1001003
032860,2008-03-21,26279238,27530230,26006138,27534600,469224
032860,2008-03-24,28100152,29236620,26506046,26510664,698016
032860,2008-03-25,26734160,27074890,24754846,24803972,443085
032860,2008-03-26,25096298,26961334,24573412,26965704,430744
032860,2008-03-27,27260998,27260998,25827908,25827908,337936
032860,2008-03-28,25551274,27031102,25028416,26510664,312968
032860,2008-03-31,25780478,26009316,24870462,25031492,308154
032860,2008-04-01,25382828,25679266,24883312,24974562,211242
032860,2008-04-02,25213342,26849788,24916904,25486728,382284
032860,2008-04-03,25777570,27030700,25595382,26169286,360400
032860,2008-04-04,26347204,26802430,25595760,25600388,155306
032860,2008-04-07,26051234,26620520,25140970,25145350,190817
032860,2008-04-08,25213770,25781106,24870874,24917830,217480
032860,2008-04-10,24913610,25322188,23889068,23893696,221417
032860,2008-04-11,23893028,24803292,23848518,24462594,102997
032860,2008-04-14,24117874,24981458,23774758,23893696,110490
032860,2008-04-15,23960154,24347530,22641314,22755902,219916
032860,2008-04-16,23164572,24007234,22755994,23097280,141172
032860,2008-04-17,23551978,23666258,22938152,23097280,96177
032860,2008-04-18,23332838,24243070,23171850,23381728,144128
032860,2008-04-21,23778006,24006844,23551588,23666176,100562
032860,2008-04-22,23663286,24071832,22865380,22869760,89228
032860,2008-04-23,22864512,23844546,22705942,22983420,144916
032860,2008-04-24,23323388,23323388,22027854,22642240,200889
032860,2008-04-25,22250842,22706130,21681588,22073344,186197
032860,2008-04-28,21845974,22368830,21117620,21276728,217405
032860,2008-04-29,21114596,21158858,20090022,20138932,227616
032860,2008-04-30,20134314,20134314,20134314,20138932,0
032860,2008-05-02,20134314,20134314,20134314,20138932,0
032860,2008-05-06,20134314,20134314,20134314,20138932,0
032860,2008-05-07,20134314,20134314,20134314,20138932,0
032860,2008-05-08,20134314,20134314,20134314,20138932,0
032860,2008-05-09,20134314,20134314,20134314,20138932,0
032860,2008-05-13,20134314,20134314,20134314,20138932,0
032860,2008-05-14,20134314,20134314,20134314,20138932,0
032860,2008-05-15,20134314,20134314,20134314,20138932,0
032860,2008-05-16,20134314,20134314,20134314,20138932,0
032860,2008-05-19,22755994,23096722,22413124,23097280,1388013
032860,2008-05-20,23892208,24576052,20479990,20480310,2109615
032860,2008-05-21,20706908,23551978,20137620,23552318,1555438
032860,2008-05-22,22752354,24685020,21727820,23893696,1329343
032860,2008-05-23,23210816,24461810,22300552,22300862,551104
032860,2008-05-26,22300538,22982246,21390276,21390586,204569
032860,2008-05-27,20706842,21958084,20706842,20821690,254513
032860,2008-05-28,21162132,23892924,21047852,22642240,603443
032860,2008-05-29,23096506,23096506,19341172,22300862,394958
032860,2008-05-30,22300994,23096948,21390730,22187004,208008
032860,2008-06-02,22638282,22638282,21842296,22073344,114128
032860,2008-06-03,22069116,22524370,21499826,21504446,209424
032860,2008-06-04,21044406,23319726,21044406,21618106,169048
032860,2008-06-05,21954436,22297304,21613708,22073344,138980
032860,2008-06-09,22072426,23892954,21958146,23552318,573480
032860,2008-06-10,23663284,23889672,21955112,21959484,291945
032860,2008-06-11,22755968,22755968,21731426,21731964,246815
032860,2008-06-12,21617136,21958112,20821184,21276728,196817
032860,2008-06-13,21272994,21954454,19679134,20707830,258841
032860,2008-06-16,20932050,21044190,20021756,20252792,153889
032860,2008-06-17,20366132,20935666,18886304,19911414,430501
032860,2008-06-18,20134110,20817708,19338124,19797752,177857
032860,2008-06-19,19796382,19910662,19000428,19114996,215476
032860,2008-06-20,19224068,21499448,19224068,21163068,650108
032860,2008-06-23,19338160,21613696,19338160,21163068,194993
032860,2008-06-24,20589180,22979026,20134172,20707830,719392
032860,2008-06-25,20932698,21273398,20248854,20594170,230630
032860,2008-06-26,20592056,20934924,18659390,18659958,403623
032860,2008-06-27,18656410,19793092,18427820,18887478,152975
032860,2008-06-30,19793562,19793562,18657096,18773618,109227
032860,2008-07-01,18545160,18771796,17177690,17749682,352155
032860,2008-07-02,18316788,18316788,15359515,16839406,316759
032860,2008-07-03,16038404,17062978,15016032,16953266,233446
032860,2008-07-04,16493442,17518016,16493442,17408304,198574
032860,2008-07-07,17066246,17862230,16384787,16725548,166649
032860,2008-07-08,16269766,16384045,14220650,15474092,545113
032860,2008-07-09,15473782,15929038,14563549,15474092,174589
032860,2008-07-10,14560516,16721525,14560516,15701611,221829
032860,2008-07-11,15470996,16607710,15242408,16042990,245834
032860,2008-07-14,16041037,18430850,16041037,17749682,755337
032860,2008-07-15,17635762,18205048,16725499,17635824,481559
032860,2008-07-16,18089886,19910660,17520816,19570036,862302
032860,2008-07-17,19678812,20134068,18427852,19342516,407650
032860,2008-07-18,19793340,20021680,18427852,19342516,480163
032860,2008-07-21,19796320,19796320,18204382,18659958,335725
032860,2008-07-22,18316522,18771778,18089824,18659958,290596
032860,2008-07-23,18771778,18771778,18089824,18659958,169787
032860,2008-07-24,18771778,19796350,18545142,19570036,295572
032860,2008-07-25,19000368,19910660,18659452,19570036,178308
032860,2008-07-28,19566714,20134110,19223848,19797752,134705
032860,2008-07-29,19452436,20021722,18087134,19797752,210489
032860,2008-07-30,19793554,20134254,19452816,19683894,217606
032860,2008-07-31,20022392,21044794,19567382,20138932,497864
032860,2008-08-01,20134314,20703838,20134314,20138932,136985
032860,2008-08-04,20479980,20479980,19226818,19570036,89885
032860,2008-08-05,20134068,20134068,18882858,19342516,81419
032860,2008-08-06,19341096,19796350,17975824,19570036,204115
032860,2008-08-07,19681846,20137070,19000410,20025272,349087
032860,2008-08-08,20589508,20818086,19338504,19683894,235678
032860,2008-08-11,20248810,20248810,18768980,19683894,152269
032860,2008-08-12,19338580,19908082,19112118,19228856,78216
032860,2008-08-13,19114460,19569684,18771778,19570036,77725
032860,2008-08-14,19569684,19796350,18886088,19570036,113639
032860,2008-08-18,19226848,19681854,19114458,19114996,63390
032860,2008-08-19,17976500,19115354,17976500,18546098,111958
032860,2008-08-20,18659452,19569684,17975824,19570036,277866
032860,2008-08-21,19338566,20589528,19338566,20138932,462881
032860,2008-08-22,19793552,20818160,19338566,20138932,442974
032860,2008-08-25,20480454,21617136,19682546,21276728,722378
032860,2008-08-26,21272996,21842314,20703710,21618106,456566
032860,2008-08-27,21731284,21957456,20480002,21390586,365573
032860,2008-08-28,21387706,21614124,20363194,21049208,552904
032860,2008-08-29,20932050,21272996,20248452,20252792,258175
032860,2008-09-01,20134068,20703418,18656440,19342516,279871
032860,2008-09-02,17975824,20251390,17975824,19570036,463876
032860,2008-09-03,19341106,20479970,19000410,20025272,159167
032860,2008-09-04,20024754,20251388,19114458,19114996,130040
032860,2008-09-05,19452816,19679246,18201864,19683894,170518
032860,2008-09-08,19341170,22071928,19341170,20480310,553432
032860,2008-09-09,20589122,21272998,20362702,21163068,252895
032860,2008-09-10,21162128,21617136,20137586,21276728,319825
032860,2008-09-11,21387686,21842696,21044820,21504446,324469
032860,2008-09-12,21616696,21616696,20706670,20935548,328785
032860,2008-09-16,19569696,20251372,19226830,20025272,242753
032860,2008-09-17,20024734,20706688,20024734,20480310,122156
032860,2008-09-18,20480442,20480442,19570146,19911414,208273
032860,2008-09-19,20137526,20935680,20137526,20821690,239499
032860,2008-09-22,20817768,21158748,20248420,20707830,302682
032860,2008-09-23,19796406,21047408,19569750,20935548,391854
032860,2008-09-24,20932048,21158748,20021784,20707830,232799
032860,2008-09-25,20935030,20935030,19910704,20480310,62771
032860,2008-09-26,20592088,20592088,19569684,19570036,120276
032860,2008-09-29,19796610,20935680,19796610,20821690,387826
032860,2008-09-30,20251878,21731426,17749644,21731964,784702
032860,2008-10-01,21728404,21955072,20022404,20594170,449422
032860,2008-10-02,20592130,21616672,20365710,20480310,487882
032860,2008-10-06,19908082,20703810,18542842,19228856,321038
032860,2008-10-07,18316510,19000384,17179858,18204720,318415
032860,2008-10-08,18090788,19227440,15474276,16270509,391249
032860,2008-10-09,16838862,18659390,16838862,18659958,983765
032860,2008-10-10,18660316,19682750,15929525,18091060,888593
032860,2008-10-13,18883288,19567100,17291598,17408304,4051259
032860,2008-10-14,17750006,17750006,14904947,14905195,4101948
032860,2008-10-15,14105636,15015920,12740613,13312162,5844105
032860,2008-10-16,12287957,12400065,11377909,11377951,1825840
032860,2008-10-17,11601466,11942443,9666660,9671258,5718718
032860,2008-10-20,9325837,9440147,8301294,8305944,2827372
032860,2008-10-21,8074956,8870662,7391080,7850707,3885532
032860,2008-10-22,7736457,8532690,6826472,7737046,1831834
032860,2008-10-23,7278199,7618928,6594602,6599251,926191
032860,2008-10-24,6594602,6594602,6594602,6599251,0
032860,2008-10-27,5684357,5913194,5684357,5688976,563685
032860,2008-10-28,4892310,5461906,4892310,5347597,1746303
032860,2008-10-29,5684326,6139334,4547859,5233937,2550079
032860,2008-10-30,5460918,5916143,5460918,5916495,1285340
032860,2008-10-31,6025396,6480404,5913255,6144014,746939
032860,2008-11-03,6025345,7049950,6025345,7054290,664482
032860,2008-11-04,7619917,7846367,7050382,7850707,668884
032860,2008-11-05,8188742,8415162,7164200,7964566,1152226
032860,2008-11-06,7050258,7390988,6823839,6940629,756815
032860,2008-11-07,6143317,7167890,6143317,7168149,277733
032860,2008-11-10,7391018,7846027,7164630,7395668,219494
032860,2008-11-11,7505297,7960523,7391018,7395668,415394
032860,2008-11-12,7278479,7733487,7049890,7509527,378183
032860,2008-11-13,7049950,7164229,6823500,7054290,309921
032860,2008-11-14,7622227,7622227,7167179,7281809,349885
032860,2008-11-17,7168126,7394296,6712870,6712912,338256
032860,2008-11-18,6939227,6939227,5802514,5802834,2545530
032860,2008-11-19,5343659,6594652,5003178,5688976,10165815
032860,2008-11-20,5006558,5233225,4892249,4892559,2186569
032860,2008-11-21,4548332,5570704,4434022,5575117,1453829
032860,2008-11-24,6371225,6371225,6142884,6371732,4388113
032860,2008-11-25,6371182,6826406,5687554,5916495,5134268
032860,2008-11-26,5913194,6025334,5458186,5688976,1642654
032860,2008-11-27,5799347,6480774,5799347,6485392,2603554
032860,2008-11-28,6595332,7164649,6254602,6485392,1707606
032860,2008-12-01,6480540,6935548,6253872,6599251,1401350
032860,2008-12-02,6257769,6372079,6028964,6257873,901403
032860,2008-12-03,6257769,6484219,6143274,6257873,764529
032860,2008-12-04,6254324,6368634,5913657,6030354,820119
032860,2008-12-05,6140045,6140045,5799347,6030354,329043
032860,2008-12-08,5913657,6368634,5913657,6030354,631885
032860,2008-12-09,6253984,6594714,6025396,6144014,1577747
032860,2008-12-10,6143274,6372079,6028964,6257873,853426
032860,2008-12-11,6253872,6935548,6253872,6599251,1551738
032860,2008-12-12,6708881,6935548,6368182,6599251,1514903
032860,2008-12-15,6709161,7504898,6709161,7509527,3356571
032860,2008-12-16,7619657,7733936,6480774,6485392,4567471
032860,2008-12-17,6594714,6823302,6025396,6144014,1699871
032860,2008-12-18,6140045,6368634,6025735,6030354,655141
032860,2008-12-19,6025765,6709610,5913625,6485392,876267
032860,2008-12-22,6827118,6827118,6143274,6257873,645271
032860,2008-12-23,6254301,6480689,5344286,5575117,2124833
032860,2008-12-24,5573294,5573294,4777341,5006219,1227095
032860,2008-12-26,5115417,5458285,4888999,5120078,740483
032860,2008-12-29,5573294,5573294,4777341,5006219,554807
032860,2008-12-30,4891168,5346176,4891168,5120078,356807
032860,2009-01-02,5115417,5344255,5003277,5120078,506777
032860,2009-01-05,5233070,5461906,5233070,5347597,565426
032860,2009-01-06,5344255,5458285,5003277,5120078,659798
032860,2009-01-07,5229697,5229697,5003277,5120078,616704
032860,2009-01-08,5006591,5802514,5006591,5802834,1727625
032860,2009-01-09,5798667,6139396,5684357,5688976,1123378
032860,2009-01-12,5799262,5913541,5115417,5120078,715641
032860,2009-01-13,5003277,5344255,4774689,5120078,543450
032860,2009-01-14,5006588,5347597,5006588,5347597,478292
032860,2009-01-15,5118287,5232317,4891651,5006219,465490
032860,2009-01-16,5118668,5233225,4663659,4892559,787057
032860,2009-01-19,4205142,4205142,4205142,4209802,104486
032860,2009-01-20,3753014,4208301,3640904,3640905,4295634
032860,2009-01-21,3409014,3864043,3294736,3868424,763053
032860,2009-01-22,3867880,3867880,3526934,3527244,374481
032860,2009-01-23,3294426,3749423,3068255,3413385,604645
032860,2009-01-28,3412624,3753353,3298097,3527244,275537
032860,2009-01-29,3526934,3641213,3298097,3527244,297653
032860,2009-01-30,3409455,3637796,3182788,3299526,788728
032860,2009-02-02,3409455,3523517,3295145,3299526,442840
032860,2009-02-03,3182534,3523004,3182534,3413385,273451
032860,2009-02-04,3637314,3637314,3294426,3413385,245444
032860,2009-02-05,3408725,3408725,3182534,3413385,217008
032860,2009-02-06,3409455,3409455,3182788,3299526,293296
032860,2009-02-09,3295145,3409455,3182788,3299526,489457
032860,2009-02-10,3409406,3750103,3295096,3754763,2306439
032860,2009-02-11,3637746,3978692,3523436,3754763,903361
032860,2009-02-12,3750134,4205142,3750134,4209802,1533973
032860,2009-02-13,4319042,4774050,4204732,4778700,2502557
032860,2009-02-16,4205433,5229728,4093045,4665039,6969364
032860,2009-02-17,4663679,4663679,3982251,3982283,2671385
032860,2009-02-18,3641213,3867880,3412624,3527244,4216341
032860,2009-02-19,3641274,3982251,3526964,3982283,2913331
032860,2009-02-20,4319390,4433700,3523436,3754763,2817818
032860,2009-02-23,3637746,3864382,3409406,3754763,1264630
032860,2009-02-24,3526934,3867880,3412624,3527244,850652
032860,2009-02-25,3640904,3867323,3526346,3640905,871210
032860,2009-02-26,3750153,3750153,3295145,3299526,953271
032860,2009-02-27,3182757,3409145,2839890,2844488,2113112
032860,2009-03-02,2498512,2727069,2498512,2503110,5299314
032860,2009-03-03,2388119,2388119,2161690,2161731,10161716
032860,2009-03-04,2161001,2275528,1932411,2275590,6494637
032860,2009-03-05,2275731,2388119,2047380,2161731,3632926
032860,2009-03-06,2047380,2275731,1932853,2161731,2839078
032860,2009-03-09,2161001,2387420,2161001,2275590,4314557
032860,2009-03-10,2275731,2388119,2047380,2161731,2511123
032860,2009-03-11,2272680,2385037,2272680,2389449,5490823
032860,2009-03-12,2043411,2157720,2043411,2048071,6153691
032860,2009-03-13,2043411,2157720,1929163,2048071,2267460
032860,2009-03-16,2043411,2043411,2043411,2048071,0
032860,2009-03-17,1820272,1932381,1820272,1820551,2632594
032860,2009-03-18,1933049,1933049,1706372,1706693,1653127
032860,2009-03-19,1706372,1706372,1706372,1706693,0
032860,2009-03-20,1702452,1816762,1588422,1592834,1871767
032860,2009-03-23,1589071,1589071,1474792,1479173,1788439
032860,2009-03-24,1474112,1588422,1361786,1592834,2531562
032860,2009-03-25,1820272,1820272,1820272,1820551,1043905
032860,2009-03-26,0,0,0,1820551,0
032860,2009-03-27,0,0,0,1820551,0
032860,2009-03-30,0,0,0,1820551,0
032860,2009-03-31,0,0,0,1820551,0
032860,2009-04-01,0,0,0,1820551,0
032860,2009-04-02,0,0,0,1820551,0
032860,2009-04-03,0,0,0,1820551,0
032860,2009-04-06,0,0,0,1820551,0
032860,2009-04-07,0,0,0,1820551,0
032860,2009-04-08,0,0,0,1820551,0
032860,2009-04-09,0,0,0,1820551,0
032860,2009-04-10,0,0,0,1820551,0
032860,2009-04-13,0,0,0,1820551,0
032860,2009-04-14,0,0,0,1820551,0
032860,2009-04-15,0,0,0,1820551,0
032860,2009-04-16,0,0,0,1820551,0
032860,2009-04-17,0,0,0,1820551,0
032860,2009-04-20,0,0,0,1820551,0
032860,2009-04-21,1820156,2084637,1555489,2085164,366790
032860,2009-04-22,1936635,1957804,1799016,1799327,162745
032860,2009-04-23,1735526,1799035,1544938,1545227,111206
032860,2009-04-24,1597879,1661378,1597879,1598190,52489
032860,2009-04-27,1597782,1618951,1587212,1608703,25449
032860,2009-04-28,1650692,1650692,1407195,1407764,34002
032860,2009-04-29,1587321,1587321,1375562,1481752,23617
032860,2009-04-30,1418149,1481689,1418149,1481752,16240
032860,2009-05-04,1481521,1481521,1407195,1407764,21490
032860,2009-05-06,1460350,1460350,1354502,1439501,70962
032860,2009-05-07,1460262,1576711,1460262,1566452,40252
032860,2009-05-08,1587428,1587428,1470918,1471239,54629
032860,2009-05-11,1481689,1682610,1481689,1682889,68985
032860,2009-05-12,1862634,1926174,1862634,1926278,178708
032860,2009-05-13,2201194,2211763,2159072,2212115,134321
032860,2009-05-14,2201085,2423691,2179946,2254366,91361
032860,2009-05-15,2042545,2254055,2042545,2254366,59787
032860,2009-05-18,2518820,2518820,2159090,2159153,53313
032860,2009-05-19,2137865,2137865,2053135,2053228,78186
032860,2009-05-20,2053038,2053038,1841311,1894540,56331
032860,2009-05-21,2169280,2169280,1777813,1778102,38178
032860,2009-05-22,1798982,2042479,1777813,1778102,105264
032860,2009-05-25,1788426,1788426,1703737,1714627,14506
032860,2009-05-26,1714336,1799046,1714336,1746365,27414
032860,2009-05-27,1756706,1767245,1693166,1746365,22260
032860,2009-05-28,1746119,1746119,1672010,1682889,28876
032860,2009-05-29,1671975,1894303,1619036,1661665,10410
032860,2009-06-01,1799155,1799155,1555626,1756878,17860
032860,2009-06-02,1788534,1788534,1693286,1788814,32440
032860,2009-06-03,1746132,1852042,1735593,1820551,26948
032860,2009-06-04,1820303,1957922,1788533,1958015,47602
032860,2009-06-05,1957992,2010901,1905053,1905053,77964
032860,2009-06-08,1968352,1968352,1904843,1915764,40409
032860,2009-06-09,1957759,1957759,1873081,1894540,28469
032860,2009-06-10,1968395,1968395,1767237,1884027,5639
032860,2009-06-11,1798971,1904819,1798971,1894540,35719
032860,2009-06-12,1894452,1905053,1883852,1905053,24335
032860,2009-06-15,1904896,1904896,1799016,1799327,2615
032860,2009-06-16,1862556,1862556,1756646,1799327,15187
032860,2009-06-17,1904951,1904951,1820272,1820551,13688
032860,2009-06-18,1883685,1883685,1820176,1884027,57624
032860,2009-06-19,1989617,1989617,1946999,1968727,55079
032860,2009-06-22,1926183,1957922,1926183,1958015,64717
032860,2009-06-23,2074230,2074230,1904842,1947502,29694
032860,2009-06-24,2010859,2021428,1926180,2021491,31805
032860,2009-06-25,2095152,2232802,2095152,2233339,782078
032860,2009-06-26,2550437,2561007,2264601,2434279,305494
032860,2009-06-29,2476297,2645716,2433989,2434279,95942
032860,2009-06-30,2328211,2529369,2159072,2529690,25169
032860,2009-07-01,2529247,2635126,2328089,2635416,16382
032860,2009-07-02,2899824,2899824,2317520,2317841,31868
032860,2009-07-03,2264722,2328231,2148273,2159153,34556
032860,2009-07-06,2158909,2433929,2158909,2233339,12633
032860,2009-07-07,1905053,1905053,1905053,1905053,71397
032860,2009-07-08,1619135,1650874,1619135,1619414,2978244
032860,2009-07-09,1693191,1851979,1629651,1852289,525698
032860,2009-07-10,1851943,1957791,1767234,1862802,210551
032860,2009-07-13,1841388,1841388,1735540,1767589,180663
032860,2009-07-14,1883758,1883758,1714339,1767589,55560
032860,2009-07-15,1809573,1883682,1809573,1862802,106402
032860,2009-07-16,1862656,2010905,1862656,2010977,183072
032860,2009-07-17,1989657,2074366,1989657,2053228,96019
032860,2009-07-20,2053230,2074431,1957982,1989753,101339
032860,2009-07-21,1999937,2031676,1999937,2000464,138375
032860,2009-07-22,2000054,2000054,1873253,1873315,73109
032860,2009-07-23,1873081,1915172,1873081,1894540,20371
032860,2009-07-24,1693223,1820272,1693223,1820551,503702
032860,2009-07-27,1862482,1883682,1862482,1862802,147336
032860,2009-07-28,1799091,1936741,1767321,1936989,288126
032860,2009-07-29,1989689,2042629,1989689,2021491,117050
032860,2009-07-30,1926012,1989521,1926012,1947502,205722
032860,2009-07-31,1947039,2053135,1947039,2053228,128069
032860,2009-08-03,2116482,2359980,2116482,2360290,497891
032860,2009-08-04,2381168,2381168,2159057,2222628,197752
032860,2009-08-05,2328238,2328238,2106127,2137928,516268
032860,2009-08-06,2222502,2222502,2106053,2169666,318022
032860,2009-08-07,2222598,2476479,2201211,2476728,257300
032860,2009-08-10,2560985,2751542,2560985,2667154,366260
032860,2009-08-11,2667005,2794023,2561095,2794303,207736
032860,2009-08-12,2772581,3153727,2772581,3143417,281285
032860,2009-08-13,3227917,3609094,3227917,3609167,436755
032860,2009-08-14,3619672,3820861,3069139,3069428,1871439
032860,2009-08-17,2984471,3439448,2635095,3408030,916907
032860,2009-08-18,3428922,3704189,3111346,3259854,485736
032860,2009-08-19,3333643,3450091,2941958,3259854,408548
032860,2009-08-20,3301960,3301960,2963432,3048204,395208
032860,2009-08-21,3143194,3492571,3048132,3418741,496299
032860,2009-08-24,3460769,3629909,3333719,3450479,304797
032860,2009-08-25,3471282,3471282,3248955,3344554,208077
032860,2009-08-26,3217335,3354954,3100856,3101166,281151
032860,2009-08-27,3323052,3323052,2952475,3175154,224012
032860,2009-08-28,3174898,3217268,3026690,3111679,301814
032860,2009-08-31,3196036,3206636,2952570,3143417,301911
032860,2009-09-01,3122001,3132819,2677562,3079941,212629
032860,2009-09-02,2941981,3481946,2941981,3312817,283608
032860,2009-09-03,3323171,3460790,3196091,3249341,176137
032860,2009-09-04,3376066,3450175,2963398,3026979,293503
032860,2009-09-07,3037183,3121862,2582174,2582454,997158
032860,2009-09-08,2328134,2793970,2201116,2741340,1263402
032860,2009-09-09,2783344,2783344,2592787,2635416,312239
032860,2009-09-10,2677587,2719926,2582308,2646127,173357
032860,2009-09-11,2709357,2709357,2571707,2646127,307979
032860,2009-09-14,2592875,2783464,2518765,2709603,427531
032860,2009-09-15,2709334,2920844,2635224,2762367,530395
032860,2009-09-16,2740996,2857227,2645717,2720116,229812
032860,2009-09-17,2741106,2751675,2497577,2561428,328450
032860,2009-09-18,2550493,2624602,2434044,2540203,307431
032860,2009-09-21,2539987,2539987,2211779,2222628,410494
032860,2009-09-22,2307296,2455267,2264709,2307328,197678
032860,2009-09-23,2317638,2614075,2317638,2423765,411260
032860,2009-09-24,2391652,2423639,2211674,2370803,155642
032860,2009-09-25,2370571,2412910,2254092,2328552,186289
032860,2009-09-28,2328082,2328082,2158952,2201602,147809
032860,2009-09-29,2190691,2253973,1873115,2201602,797957
032860,2009-09-30,2116479,2222637,2116479,2137928,321545
032860,2009-10-01,2148270,2254119,2074378,2222628,103425
032860,2009-10-05,2159079,2275528,2116492,2275590,168572
032860,2009-10-06,2614120,2614120,2116493,2243853,549461
032860,2009-10-07,2222621,2275561,2084724,2127415,129853
032860,2009-10-08,2127372,2127372,1873243,1958015,447037
032860,2009-10-09,1947080,2159097,1894358,2137928,1796832
032860,2009-10-12,2116557,2180066,2021495,2095677,342084
032860,2009-10-13,2084646,2095185,1978736,2000464,138134
032860,2009-10-14,1999938,2053126,1724919,1968727,455467
032860,2009-10-15,1915238,1946977,1820176,1884027,327131
032860,2009-10-16,1820283,1873223,1703834,1704114,422964
032860,2009-10-19,1703738,1809586,1703738,1799327,264750
032860,2009-10-20,1820215,1820215,1693166,1746365,282007
032860,2009-10-21,1745990,1777791,1682513,1693403,426066
032860,2009-10-22,1703877,1735647,1587428,1587676,675836
032860,2009-10-23,1597948,1746166,1576809,1640639,426643
032860,2009-10-26,1661442,1693181,1619071,1651152,225914
032860,2009-10-27,1661537,1661537,1555658,1587676,179750
032860,2009-10-28,1650817,1650817,1481646,1545227,221312
032860,2009-10-29,1576698,1756655,1502589,1629927,823910
032860,2009-10-30,1650774,1693082,1576633,1693403,399054
032860,2009-11-02,1777824,1946964,1693115,1947502,3149747
032860,2009-11-03,1968522,2010892,1904982,1958015,3379915
032860,2009-11-04,1968352,1999905,1883674,1915764,1594531
032860,2009-11-05,1926194,1978917,1777975,1841578,1841317
032860,2009-11-06,1841399,1894338,1566358,1566452,4592264
032860,2009-11-09,1555541,1682621,1460262,1566452,1756621
032860,2009-11-10,1608437,1777856,1544928,1629927,3957992
032860,2009-11-11,1629670,1756750,1396990,1397052,4530223
032860,2009-11-12,1449845,1502568,1365167,1376026,1285357
032860,2009-11-13,1365315,1397085,1322728,1333577,544394
032860,2009-11-16,1312368,1333537,1259180,1270101,568671
032860,2009-11-17,1269694,1333450,1227571,1227851,326340
032860,2009-11-18,1216991,1259144,1164082,1195915,498923
032860,2009-11-19,1248824,1259177,1026496,1164177,1358495
032860,2009-11-20,1142882,1216991,1111143,1195915,346851
032860,2009-11-23,1185338,1227677,1132398,1217139,476734
032860,2009-11-24,1195770,1216970,1121454,1143151,506528
032860,2009-11-25,1121327,1142744,1058066,1121926,781955
032860,2009-11-26,1163912,1163912,1111004,1153664,286798
032860,2009-11-27,1121591,1195948,1121591,1132439,312559
032860,2009-11-30,1132430,1206323,1121613,1185402,261855
032860,2009-12-01,1185220,1301679,1164020,1259588,577080
032860,2009-12-02,1259180,1290950,1217089,1270101,268546
032860,2009-12-03,1269790,1301808,1217098,1301839,242055
032860,2009-12-04,1280488,1470767,1280488,1376026,1129492
032860,2009-12-07,1449824,1491946,1206110,1291326,990373
032860,2009-12-08,1248828,1312368,1227690,1270101,383974
032860,2009-12-09,1269682,1301679,1259082,1259588,243268
032860,2009-12-10,1280521,1301691,1259134,1280615,346771
032860,2009-12-11,1290862,1312248,1248750,1312352,401439
032860,2009-12-14,1301789,1375650,1290972,1354801,689334
032860,2009-12-15,1354470,1555627,1354470,1471239,2833068
032860,2009-12-16,1481646,1544938,1460259,1545227,1793730
032860,2009-12-17,1597877,1629647,1513168,1545227,1270827
032860,2009-12-18,1502611,1555551,1439102,1481752,561375
032860,2009-12-21,1470872,1481689,1407332,1481752,498494
032860,2009-12-22,1460273,1481722,1428534,1450014,570718
032860,2009-12-23,1481722,1481722,1418182,1450014,324183
032860,2009-12-24,1428610,1481766,1418258,1471239,1151434
032860,2009-12-28,1481649,1629650,1481649,1566452,1038475
032860,2009-12-29,1566422,1608513,1333462,1534714,1767371
032860,2009-12-30,1534467,1608577,1470958,1502977,2282927
032860,2010-01-04,1513064,1555404,1481542,1492463,1258546
032860,2010-01-05,1481655,1502608,1428468,1460527,619897
032860,2010-01-06,1460269,1502608,1386160,1460527,1287332
032860,2010-01-07,1460198,1491968,1365167,1376026,1144006
032860,2010-01-08,1386268,1418286,1333576,1333577,1130265
032860,2010-01-11,1354255,1418012,1248655,1407764,3055944
032860,2010-01-12,1407439,1598028,1333546,1587676,5330892
032860,2010-01-13,1619190,1661529,1439171,1524201,5560789
032860,2010-01-14,1523781,1555551,1460272,1481752,1134968
032860,2010-01-15,1481699,1513221,1396990,1397052,3011320
032860,2010-01-18,1396958,1396958,1280509,1312352,3357277
032860,2010-01-19,1290745,1322484,1121327,1121926,6936485
032860,2010-01-20,1068857,1269798,1037056,1248877,10142639
032860,2010-01-21,1269631,1269631,1121454,1143151,3799008
032860,2010-01-22,1142977,1142977,1079437,1132439,1476711
032860,2010-01-25,1163922,1163922,1058074,1068964,1985047
032860,2010-01-26,1089830,1100648,952398,1047739,2135629
032860,2010-01-27,1047517,1068686,920468,920789,2978888
032860,2010-01-28,899306,1047525,782857,984264,5699783
032860,2010-01-29,994616,1079295,878167,984264,2797408
032860,2010-02-01,1026468,1026468,899418,963238,1016481
032860,2010-02-02,963020,1100670,931250,1100702,4277679
032860,2010-02-03,1121591,1185348,1079437,1132439,4984751
032860,2010-02-04,1121325,1185113,1089556,1153664,4637337
032860,2010-02-05,1068744,1111114,984096,994976,3744717
032860,2010-02-08,984062,1015801,962892,973751,1219296
032860,2010-02-09,973591,1005361,920651,931500,1332427
032860,2010-02-10,931165,962966,920595,942013,805499
032860,2010-02-11,952365,962966,920595,942013,881871
032860,2010-02-12,941735,984075,909965,910276,1132427
032860,2010-02-16,910051,941821,888850,931500,927654
032860,2010-02-17,931259,1068909,910059,1047739,5608543
032860,2010-02-18,1068868,1153578,1015928,1132439,4370544
032860,2010-02-19,1121591,1185348,1079437,1132439,3248405
032860,2010-02-22,1142873,1164011,1089685,1111413,2270435
032860,2010-02-23,1111248,1121600,1037139,1047739,1824842
032860,2010-02-24,1047538,1068708,994599,1005489,1310931
032860,2010-02-25,994801,1037171,963031,1016002,1425303
032860,2010-02-26,1026465,1026465,973494,1026713,545180
032860,2010-03-02,1036956,1036956,984016,984264,821163
032860,2010-03-03,973492,994662,962892,973751,567672
032860,2010-03-04,973375,983945,931005,952527,812180
032860,2010-03-05,941638,952238,835759,920789,1090715
032860,2010-03-08,920455,931055,888684,899564,408318
032860,2010-03-09,888761,931101,888761,889051,825083
032860,2010-03-10,899394,899394,825295,857314,1238172
032860,2010-03-11,856945,909885,856945,899564,667674
032860,2010-03-12,899331,931101,867561,889051,460201
032860,2010-03-15,867701,867701,761790,762101,2539245
032860,2010-03-16,740885,772376,656165,656176,3082083
032860,2010-03-17,634836,645405,560696,613925,3586253
032860,2010-03-18,624311,666402,571402,603214,2689497
032860,2010-03-19,603023,634793,539731,560963,5370664
032860,2010-03-22,550026,581796,486735,486776,5935783
032860,2010-03-23,465361,497131,423270,423301,6498230
032860,2010-03-24,444395,486735,444395,486776,1243626
032860,2010-03-25,549912,549912,549912,550450,250243
032860,2010-03-26,603066,624515,571514,613925,3109574
032860,2010-03-29,613591,613591,571469,592701,1427154
032860,2010-03-30,592604,592604,549986,571476,744206
032860,2010-03-31,560747,560747,528977,529225,624831
032860,2010-04-01,507737,507737,465150,465750,850087
032860,2010-04-02,465436,528977,465436,529225,358808
032860,2010-04-05,539710,539710,465352,476263,429915
032860,2010-04-06,476165,486735,454965,486776,405233
032860,2010-04-07,475998,507767,475998,497488,342634
032860,2010-04-08,497090,518260,497090,508001,242716
032860,2010-04-09,497090,507907,497090,508001,331123
032860,2010-04-12,497087,497087,476165,486776,294293
032860,2010-04-13,486735,497087,486735,486776,182138
032860,2010-04-14,497123,497123,433582,476263,441579
032860,2010-04-15,476165,486735,476165,486776,214664
032860,2010-04-16,486568,486568,465150,465750,216388
032860,2010-04-19,476264,476264,444494,444526,166009
032860,2010-04-20,454861,454861,433444,434012,231502
032860,2010-04-21,433560,444408,423270,423301,361729
032860,2010-04-22,433560,433560,423270,423301,254016
032860,2010-04-23,423335,423335,359794,359826,1035440
032860,2010-04-26,359770,359770,317173,338601,709681
032860,2010-04-27,338391,380482,338391,381050,555426
032860,2010-04-28,391330,401930,380482,381050,671732
032860,2010-04-29,380610,380610,359657,370537,274991
032860,2010-04-30,370258,370258,359657,370537,122791
032860,2010-05-03,370340,370340,328000,338601,334033
032860,2010-05-04,338409,359548,327840,328088,126274
032860,2010-05-06,317006,317006,296085,317575,602561
032860,2010-05-07,306820,359770,306820,338601,434683
032860,2010-05-10,338391,380482,338391,381050,447686
032860,2010-05-11,380684,433623,380684,391563,998508
032860,2010-05-12,402028,402028,359657,370537,348960
032860,2010-05-13,370191,380482,359591,381050,168412
032860,2010-05-14,370364,370364,359794,359826,247637
032860,2010-05-17,359794,370364,338593,359826,200088
032860,2010-05-18,348744,348744,338423,349313,163232
032860,2010-05-19,348953,348953,328000,338601,243980
032860,2010-05-20,338409,359548,327840,328088,137444
032860,2010-05-24,338409,338409,316991,328088,239461
032860,2010-05-25,327799,327799,296061,296350,302496
032860,2010-05-26,296061,306661,285491,296350,181231
032860,2010-05-27,296201,317153,296201,306864,61597
032860,2010-05-28,328002,328002,306801,306864,177601
032860,2010-05-31,306801,317153,306801,306864,120324
032860,2010-06-01,306654,317006,306654,317575,159838
032860,2010-06-03,327823,338424,317006,317575,75117
032860,2010-06-04,317176,359794,306823,359826,381408
032860,2010-06-07,401929,412250,401929,412788,788336
032860,2010-06-08,433623,433623,380684,391563,1229594
032860,2010-06-09,391331,391331,338423,349313,717833
032860,2010-06-10,359770,359770,338601,338601,255065
032860,2010-06-11,359770,359770,338601,338601,198884
032860,2010-06-14,328000,348953,328000,338601,379116
032860,2010-06-15,338424,338424,317006,317575,297742
032860,2010-06-16,328002,328002,306801,306864,374950
032860,2010-06-17,306801,317153,296201,306864,654531
032860,2010-06-18,296061,296061,285491,296350,643946
032860,2010-06-21,285589,306728,285589,285837,1065149
032860,2010-06-22,243140,243140,243140,243388,441218
032860,2010-06-23,222092,275063,222092,275126,2137363
032860,2010-06-24,264075,274892,243123,264613,778019
032860,2010-06-25,253862,275063,253862,275126,348274
032860,2010-06-28,285491,296061,285491,296350,458944
032860,2010-06-29,296061,296061,285491,296350,244085
032860,2010-06-30,285491,306661,285491,296350,150735
032860,2010-07-01,296158,296158,285589,285837,222044
032860,2010-07-02,285664,285664,264215,275126,101375
032860,2010-07-05,264075,274892,264075,264613,178511
032860,2010-07-06,264075,274892,264075,264613,149232
032860,2010-07-07,274892,274892,253723,264613,336857
032860,2010-07-08,274892,274892,264075,264613,163516
032860,2010-07-09,264215,275063,264215,275126,227510
032860,2010-07-12,275063,275063,264215,275126,248442
032860,2010-07-13,264075,274892,243123,264613,401151
032860,2010-07-14,253723,264075,253723,264613,241257
032860,2010-07-15,264075,264075,253723,264613,302372
032860,2010-07-16,274892,274892,253723,264613,76781
032860,2010-07-19,274892,285461,264075,264613,104172
032860,2010-07-20,253862,275063,253862,275126,143988
032860,2010-07-21,274892,274892,264075,264613,180433
032860,2010-07-22,264075,274892,264075,264613,34197
032860,2010-07-23,264215,275063,253862,275126,202669
032860,2010-07-26,274892,274892,264075,264613,310079
032860,2010-07-27,264173,264173,253851,254100,477720
032860,2010-07-28,253723,264075,253723,264613,231202
032860,2010-07-29,264075,264075,253723,264613,124261
032860,2010-07-30,264215,275063,253862,275126,184448
032860,2010-08-02,275031,306801,275031,306864,612603
032860,2010-08-03,0,0,0,306864,0
032860,2010-08-04,348744,348744,348744,349313,38239
032860,2010-08-05,391501,391501,391501,391563,23642
032860,2010-08-06,444494,444494,444494,444526,39204
032860,2010-08-09,423099,423099,380482,381050,1915332
032860,2010-08-10,359770,380692,338601,338601,732565
032860,2010-08-11,359657,370258,338519,370537,434597
032860,2010-08-12,370364,370364,338593,359826,274651
032860,2010-08-13,348731,348731,327840,328088,342495
032860,2010-08-16,327840,327840,306639,328088,365260
032860,2010-08-17,296085,317006,296085,317575,265671
032860,2010-08-18,317176,359794,317176,359826,590848
032860,2010-08-19,306801,370341,306801,306864,530596
032860,2010-08-20,317173,338601,306820,338601,183983
032860,2010-08-23,317006,338424,317006,317575,231812
032860,2010-08-24,306654,317006,306654,317575,179921
032860,2010-08-25,317006,327823,306654,317575,128945
032860,2010-08-26,317006,317006,306654,317575,71116
032860,2010-08-27,306661,306661,296061,296350,129905
032860,2010-08-30,296061,316982,285491,296350,150836
032860,2010-08-31,306661,306661,296061,296350,117483
032860,2010-09-01,316982,316982,296061,296350,129518
032860,2010-09-02,306801,317153,296201,306864,144077
032860,2010-09-03,306801,317153,306801,306864,155461
032860,2010-09-06,317006,317006,306654,317575,90307
032860,2010-09-07,317153,317153,306801,306864,251672
032860,2010-09-08,317005,348744,317005,349313,451130
032860,2010-09-09,359731,391501,359731,391563,714044
032860,2010-09-10,359657,402028,359657,370537,272076
032860,2010-09-13,380716,380716,359794,359826,126531
032860,2010-09-14,359770,359770,338601,338601,261782
032860,2010-09-15,338409,338409,316991,328088,133741
032860,2010-09-16,338601,338601,328000,338601,123045
032860,2010-09-17,316991,338409,316991,328088,54419
032860,2010-09-20,338409,338409,316991,328088,30908
032860,2010-09-24,327823,327823,317006,317575,68914
032860,2010-09-27,317006,317006,306654,317575,65242
032860,2010-09-28,317006,317006,317006,317575,86229
032860,2010-09-29,317153,317153,306801,306864,207965
032860,2010-09-30,306820,338601,306820,338601,124664
032860,2010-10-01,348731,348731,327840,328088,42862
032860,2010-10-04,319411,321550,310795,315393,92096
032860,2010-10-05,317044,317044,306691,313211,65456
032860,2010-10-06,334232,334232,306801,306864,143604
032860,2010-10-07,304676,309016,276997,277308,486007
032860,2010-10-08,281079,287619,255818,262431,695169
032860,2010-10-11,255905,300165,255905,266795,519820
032860,2010-10-12,279026,300196,279026,283655,1440759
032860,2010-10-13,0,0,0,283655,0
032860,2010-10-14,0,0,0,283655,0
032860,2010-10-15,0,0,0,283655,0
032860,2010-10-18,0,0,0,283655,0
032860,2010-10-19,0,0,0,283655,0
032860,2010-10-20,0,0,0,283655,0
032860,2010-10-21,0,0,0,283655,0
032860,2010-10-22,0,0,0,283655,0
032860,2010-10-25,0,0,0,283655,0
032860,2010-10-26,0,0,0,283655,0
032860,2010-10-27,0,0,0,283655,0
032860,2010-10-28,0,0,0,283655,0
032860,2010-10-29,0,0,0,283655,0
032860,2010-11-01,0,0,0,283655,0
032860,2010-11-02,283364,324990,283364,325311,102665
032860,2010-11-03,373620,373620,373620,373909,20960
032860,2010-11-04,429202,429202,429202,429450,8099
032860,2010-11-05,492832,492832,438208,489950,377871
032860,2010-11-08,446062,479754,444140,456229,94215
032860,2010-11-09,456261,456261,410543,416557,75593
032860,2010-11-10,396504,413396,366934,391762,148829
032860,2010-11-11,390791,390791,366925,368950,67546
032860,2010-11-12,372752,372752,354961,361016,41052
032860,2010-11-15,366925,394634,366925,368950,53592
032860,2010-11-16,376719,376719,356728,357049,23748
032860,2010-11-17,356852,371791,353008,361016,7708
032860,2010-11-18,353907,366894,353907,366967,16446
032860,2010-11-19,353907,374829,353907,360024,7224
032860,2010-11-22,382897,413458,382897,392754,55544
032860,2010-11-23,402445,402445,371636,371926,33991
032860,2010-11-24,319162,367762,319162,362999,12611
032860,2010-11-25,366842,392599,366842,379860,29040
032860,2010-11-26,382701,384623,372597,372918,10340
032860,2010-11-29,422137,422137,376667,386803,16775
032860,2010-11-30,400585,400585,342129,366967,32104
032860,2010-12-01,359992,376822,357822,376885,3724
032860,2010-12-02,384757,384757,366966,376885,13878
032860,2010-12-03,376789,432363,376789,432426,65369
032860,2010-12-06,412249,412249,388476,394737,47367
032860,2010-12-07,415442,415442,383671,395729,23474
032860,2010-12-08,411289,411289,376667,386803,10320
032860,2010-12-09,408591,408591,388599,400688,6819
032860,2010-12-10,405368,405368,382773,388786,5949
032860,2010-12-13,388506,398363,387546,396721,40568
032860,2010-12-14,422198,422198,387576,406639,38759
032860,2010-12-15,412435,412435,393682,400688,12999
032860,2010-12-16,419409,419409,393683,399696,13852
032860,2010-12-17,396410,399572,393528,396721,10994
032860,2010-12-20,386678,396504,385717,391762,17130
032860,2010-12-21,388629,426412,388629,426475,33438
032860,2010-12-22,423530,437261,423530,426475,23991
032860,2010-12-23,437291,438252,417547,435401,10366
032860,2010-12-24,420368,444172,420368,440360,9373
032860,2010-12-27,454015,505746,454015,505819,90868
032860,2010-12-28,515602,565174,495641,513753,68738
032860,2010-12-29,549336,549336,497853,497885,25359
032860,2010-12-30,469029,484898,466146,466147,43067
032860,2011-01-03,466085,466085,448263,448294,56080
032860,2011-01-04,449193,449193,434253,447303,31851
032860,2011-01-05,446992,453005,446992,453253,32567
032860,2011-01-06,448201,454927,448201,454245,38384
032860,2011-01-07,521657,521657,470877,497885,56296
032860,2011-01-10,524497,556267,524497,536565,56352
032860,2011-01-11,559181,559181,523536,529622,22439
032860,2011-01-12,569036,569036,545480,555409,36209
032860,2011-01-13,571175,571175,537484,537557,24960
032860,2011-01-14,545480,545480,529611,539540,10583
032860,2011-01-17,545295,545295,527225,533589,22476
032860,2011-01-18,517430,551090,517430,542516,24890
032860,2011-01-19,554282,574986,552112,575245,31314
032860,2011-01-20,594977,614721,594977,610950,57521
032860,2011-01-21,632605,632605,595070,595081,20632
032860,2011-01-24,624453,624453,578054,606983,9617
032860,2011-01-25,605888,605888,595070,595081,26254
032860,2011-01-26,594946,596868,591847,592106,9781
032860,2011-01-27,603997,603997,577032,581196,22683
032860,2011-01-28,590886,596899,588964,593098,12188
032860,2011-01-31,632605,632605,577031,595081,7755
032860,2011-02-01,595039,614783,595039,604007,6558
032860,2011-02-07,624514,628575,622593,623843,16190
032860,2011-02-08,622779,622779,600866,604999,12997
032860,2011-02-09,605856,605856,595070,603016,16437
032860,2011-02-10,595938,595938,584873,585163,31430
032860,2011-02-11,576908,594947,537451,575245,29877
032860,2011-02-14,535375,572197,535375,555409,61517
032860,2011-02-15,562248,562248,549230,551442,25524
032860,2011-02-16,551122,551122,528278,535573,19951
032860,2011-02-17,541265,552082,541265,549458,27400
032860,2011-02-18,628576,628576,565099,583180,36096
032860,2011-02-21,584874,584874,567083,569294,35114
032860,2011-02-22,610940,610940,567114,572270,31579
032860,2011-02-23,573096,584905,573096,577229,26834
032860,2011-02-24,587197,614875,587197,613925,70979
032860,2011-02-25,634504,643648,628708,643679,46806
032860,2011-02-28,694074,713818,690943,714097,122686
032860,2011-03-02,743747,793308,694155,757737,212328
032860,2011-03-03,727796,773514,723736,724015,78638
032860,2011-03-04,739532,763336,736649,761704,62715
032860,2011-03-07,779360,780321,757725,767655,43907
032860,2011-03-08,787264,787264,753603,758728,69990
032860,2011-03-09,758530,794143,758530,794433,96529
032860,2011-03-10,815251,815251,793338,793441,85986
032860,2011-03-11,822194,823155,773625,783523,66067
032860,2011-03-14,791366,791366,717970,741868,41741
032860,2011-03-15,741701,786241,741701,753769,53931
032860,2011-03-16,789372,789372,749667,753769,14102
032860,2011-03-17,752654,752654,713941,733933,20280
032860,2011-03-18,748872,748872,735885,735917,35005
032860,2011-03-21,813094,813094,678328,733933,170303
032860,2011-03-22,759661,759661,686233,694261,86683
032860,2011-03-23,694170,713945,653535,653597,107224
032860,2011-03-24,653597,708211,614853,646655,78060
032860,2011-03-25,646438,649320,614668,639712,74752
032860,2011-03-28,639618,665407,626910,646655,32788
032860,2011-03-29,668310,668310,621601,623843,65733
032860,2011-03-30,641531,641531,605949,605991,46306
032860,2011-03-31,604803,606725,556203,576237,152462
032860,2011-04-01,576070,612923,557318,604999,32261
032860,2011-04-04,592746,613667,584811,599048,19335
032860,2011-04-05,621788,621788,555397,581196,50040
032860,2011-04-06,569097,580162,552267,580204,44952
032860,2011-04-07,567052,580039,555243,561360,46716
032860,2011-04-08,574924,624485,560976,583180,114810
032860,2011-04-11,589026,604895,589026,603016,29086
032860,2011-04-12,622717,622717,592869,603016,20405
032860,2011-04-13,614845,614845,597023,604999,12346
032860,2011-04-14,600720,674086,594955,632770,29041
032860,2011-04-15,648412,648412,609699,609958,12535
032860,2011-04-18,595070,614814,575079,595081,46539
032860,2011-04-19,609669,609669,575017,593098,13452
032860,2011-04-20,590824,594885,574924,590122,21076
032860,2011-04-21,594885,604741,583819,590122,18572
032860,2011-04-22,589956,592870,565191,587147,24542
032860,2011-04-25,586021,586021,559087,559376,46658
032860,2011-04-26,595009,595009,555336,563343,56358
032860,2011-04-27,565192,573127,558187,563343,17152
032860,2011-04-28,572166,581062,556297,563343,18358
032860,2011-04-29,565130,572135,555274,570286,18194
032860,2011-05-02,575017,599813,566121,593098,16987
032860,2011-05-03,594978,594978,578116,585163,2456
032860,2011-05-04,593800,593800,565161,577229,8462
032860,2011-05-06,576040,586175,560171,581196,9275
032860,2011-05-09,589956,595040,575079,586155,12643
032860,2011-05-11,588934,593769,560078,567311,14311
032860,2011-05-12,597861,597861,560078,560368,10714
032860,2011-05-13,574150,575142,556359,565327,12314
032860,2011-05-16,586051,587012,556203,576237,32013
032860,2011-05-17,576009,587074,571174,577229,15838
032860,2011-05-18,584935,598914,582053,589130,28732
032860,2011-05-19,582921,593738,574986,575245,15342
032860,2011-05-20,583051,661531,583051,661532,106056
032860,2011-05-23,654435,659487,595017,633761,108926
032860,2011-05-24,633482,641417,610855,634753,62078
032860,2011-05-25,651521,651521,626756,634753,25527
032860,2011-05-26,632521,641417,614699,634753,33038
032860,2011-05-27,634505,664353,632583,635745,40473
032860,2011-05-30,635652,653443,607725,634753,86692
032860,2011-05-31,642378,644547,609646,634753,30843
032860,2011-06-01,630661,729784,630661,635745,87833
032860,2011-06-02,635681,674208,634472,667483,44260
032860,2011-06-03,656416,704087,645599,686327,36009
032860,2011-06-07,713850,713850,663328,692278,21810
032860,2011-06-08,706008,731765,676407,703188,36781
032860,2011-06-09,694261,713045,661531,679384,38141
032860,2011-06-10,693300,733966,672347,695253,105314
032860,2011-06-13,695005,727705,679136,680376,22127
032860,2011-06-14,680282,712021,680282,702196,45821
032860,2011-06-15,711864,737621,690943,737901,36014
032860,2011-06-16,737714,738675,696057,731950,26189
032860,2011-06-17,723828,776520,713941,733933,49779
032860,2011-06-20,787337,787337,713941,734925,15370
032860,2011-06-21,753429,753429,713724,728974,12937
032860,2011-06-22,728911,783524,726958,751786,119858
032860,2011-06-23,783493,783493,735823,750794,17190
032860,2011-06-24,745745,761645,679353,679384,51630
032860,2011-06-27,675043,709913,675043,705171,24069
032860,2011-06-28,719924,719924,686202,701204,28380
032860,2011-06-29,720825,720825,674146,675417,47308
032860,2011-06-30,694169,694169,652511,668474,32570
032860,2011-07-01,693084,702940,663267,672442,21454
032860,2011-07-04,666273,690108,656416,676409,15016
032860,2011-07-05,694014,698849,664197,664507,18138
032860,2011-07-06,665281,684313,659516,668474,14009
032860,2011-07-07,668319,674084,653410,672442,21465
032860,2011-07-08,693178,693178,650373,658556,17152
032860,2011-07-11,669281,669281,640424,649630,23149
032860,2011-07-12,671348,671348,592900,612934,36446
032860,2011-07-13,626808,644630,607809,612934,30608
032860,2011-07-14,595101,634557,590979,604999,22008
032860,2011-07-15,672216,672216,606786,618884,14897
032860,2011-07-18,653433,653433,589925,602024,23716
032860,2011-07-19,601641,619742,601641,608966,17781
032860,2011-07-20,631458,631458,605732,614917,21416
032860,2011-07-21,646552,646552,603004,611942,7752
032860,2011-07-22,632450,632450,596837,599048,11326
032860,2011-07-25,604958,610971,566184,581196,30494
032860,2011-07-26,582858,612676,582858,591114,15020
032860,2011-07-27,592715,599720,584780,590122,3243
032860,2011-07-28,604927,604927,587136,589130,5269
032860,2011-07-29,590917,595040,582983,587147,11084
032860,2011-08-01,582952,593769,580999,584171,10636
032860,2011-08-02,592746,592746,574924,583180,13554
032860,2011-08-03,588996,588996,560140,577229,15880
032860,2011-08-04,571081,590793,562185,583180,14040
032860,2011-08-05,522637,582085,522637,547475,11512
032860,2011-08-08,571114,571114,490775,527639,15358
032860,2011-08-09,482947,512795,449255,449286,37845
032860,2011-08-10,509651,515695,450234,515737,30994
032860,2011-08-11,513616,584843,496755,576237,16196
032860,2011-08-12,594947,594947,573065,575245,14659
032860,2011-08-16,604803,604803,572103,592106,9830
032860,2011-08-17,591847,594978,565130,584171,8528
032860,2011-08-18,593707,606694,565099,583180,24443
032860,2011-08-19,575019,575019,535314,537557,16151
032860,2011-08-22,575111,575111,520498,547475,1430
032860,2011-08-23,545511,564294,517616,547475,5226
032860,2011-08-24,574069,574069,500663,513753,19728
032860,2011-08-25,513587,538321,503483,525655,11970
032860,2011-08-26,540304,540304,521521,535573,436
032860,2011-08-29,546473,546473,531564,531606,1767
032860,2011-08-30,550265,550265,503576,505819,26014
032860,2011-08-31,524591,524591,498865,515737,8588
032860,2011-09-01,531471,531471,505715,519704,9213
032860,2011-09-02,519415,528310,511480,511770,8317
032860,2011-09-05,501623,555307,501623,519704,8658
032860,2011-09-06,504722,542226,504722,527639,2190
032860,2011-09-07,528279,534261,507574,525655,8087
032860,2011-09-08,571300,593906,505807,524663,14084
032860,2011-09-09,535222,535222,508535,525655,2102
032860,2011-09-14,549274,555287,476828,503835,4541
032860,2011-09-15,555286,569017,508597,513753,53727
032860,2011-09-16,543374,543374,504878,515737,32961
032860,2011-09-19,527410,562310,527410,545491,41300
032860,2011-09-20,559273,565255,540490,557393,13314
032860,2011-09-21,584811,584811,557164,583180,26030
032860,2011-09-22,574955,591785,565998,582188,13661
032860,2011-09-23,589027,589027,538475,562352,7467
032860,2011-09-26,547216,573903,506582,533589,17815
032860,2011-09-27,500755,546504,500755,532598,14467
032860,2011-09-28,554283,554283,521552,544499,14386
032860,2011-09-29,544272,544272,529611,539540,14198
032860,2011-09-30,545511,545511,529611,538548,5957
032860,2011-10-04,565038,565038,513556,541524,7225
032860,2011-10-05,554345,555306,525458,536565,3360
032860,2011-10-06,575050,575050,511541,528630,20350
032860,2011-10-07,551277,552237,524559,538548,8507
032860,2011-10-10,529394,581869,529394,533589,30524
032860,2011-10-11,554437,565285,533484,564335,37533
032860,2011-10-12,575017,583913,544240,570286,79804
032860,2011-10-13,581906,648329,556180,631778,105511
032860,2011-10-14,631528,673155,614667,649630,70065
032860,2011-10-17,673186,673186,639525,658556,60482
032860,2011-10-18,640579,664445,640579,654589,56185
032860,2011-10-19,664352,672318,640548,662524,58838
032860,2011-10-20,662492,696184,653566,661532,93450
032860,2011-10-21,661376,679167,660415,665499,43625
032860,2011-10-24,682081,682081,654402,666491,60687
032860,2011-10-25,668472,721877,664381,702196,122196
032860,2011-10-26,702008,723643,695964,721040,103130
032860,2011-10-27,723832,723832,612869,662524,188523
032860,2011-10-28,680192,689119,626787,626819,84332
032860,2011-10-31,664445,664445,636766,654589,84512
032860,2011-11-01,644701,660571,640579,654589,39690
032860,2011-11-02,634474,651552,624617,633761,27236
032860,2011-11-03,630497,634371,602818,614917,15126
032860,2011-11-04,612705,623554,567019,623843,59154
032860,2011-11-07,634597,689210,623748,654589,60285
032860,2011-11-08,672184,672184,625506,625827,37113
032860,2011-11-09,642461,642461,590018,611942,29533
032860,2011-11-10,586980,629567,586980,607975,35360
032860,2011-11-11,629691,629691,595070,603016,29229
032860,2011-11-14,614814,614814,584997,597065,47471
032860,2011-11-15,614845,652627,596062,604999,96779
032860,2011-11-16,613668,613668,578055,582188,71796
032860,2011-11-17,608616,608616,565099,583180,82938
032860,2011-11-18,588872,594885,555211,583180,90259
032860,2011-11-21,574924,591785,563146,583180,70288
032860,2011-11-22,592964,592964,555398,556401,75526
032860,2011-11-23,566184,566184,545480,555409,40193
032860,2011-11-24,555336,575079,551275,571278,43633
032860,2011-11-25,571205,571205,552205,563343,20209
032860,2011-11-28,592902,592902,553415,555409,49016
032860,2011-11-29,573995,573995,543217,551442,46019
032860,2011-11-30,555244,563209,535283,543507,107053
032860,2011-12-01,550191,586951,550191,566319,121345
032860,2011-12-02,574033,650312,574033,634753,345628
032860,2011-12-05,650374,662369,612838,650622,205305
032860,2011-12-06,652418,694014,638439,671450,107344
032860,2011-12-07,680159,680159,665250,674425,57364
032860,2011-12-08,684188,684188,655301,672442,75644
032860,2011-12-09,680159,683042,646467,665499,54524
032860,2011-12-12,676440,676440,654526,661532,53204
032860,2011-12-13,652543,674208,652543,659548,86621
032860,2011-12-14,650467,665407,639618,646655,43440
032860,2011-12-15,657276,657276,612767,624835,59565
032860,2011-12-16,624617,646500,624617,633761,56652
032860,2011-12-19,650240,650240,559054,614917,49484
032860,2011-12-20,614658,650271,614658,622852,24184
032860,2011-12-21,640384,640384,614658,622852,34547
032860,2011-12-22,614730,653474,614730,627811,29436
032860,2011-12-23,622748,648505,620857,620868,37759
032860,2011-12-26,620640,631489,606724,616901,72307
032860,2011-12-27,631550,631550,592838,618884,54175
032860,2011-12-28,614720,629629,608707,618884,15895
032860,2011-12-29,614792,632614,611940,629794,10331
032860,2012-01-02,630598,694107,630598,666491,75426
032860,2012-01-03,677246,677246,646467,665499,60549
032860,2012-01-04,672288,672288,644609,644671,56669
032860,2012-01-05,644669,727953,630721,679384,282351
032860,2012-01-06,686079,693053,664197,664507,57942
032860,2012-01-09,659454,679198,640454,674425,64134
032860,2012-01-10,662306,686110,658214,672442,50580
032860,2012-01-11,662244,684127,637479,655581,59155
032860,2012-01-12,654434,679199,644577,658556,52668
032860,2012-01-13,658181,727765,644481,721040,267599
032860,2012-01-16,719880,788224,715820,772614,350292
032860,2012-01-17,803194,803194,756516,783523,250756
032860,2012-01-18,789465,803196,757664,757737,205378
032860,2012-01-19,761475,791293,757632,779556,136949
032860,2012-01-20,773626,775579,744770,759720,61346
032860,2012-01-25,759689,762541,728880,743851,53812
032860,2012-01-26,751756,779435,712051,712114,147314
032860,2012-01-27,713972,742859,713972,742860,90413
032860,2012-01-30,733932,765733,733932,751786,85759
032860,2012-01-31,751756,751756,711090,712114,93305
032860,2012-02-01,713942,730772,676376,711122,79829
032860,2012-02-02,710892,753511,674101,753769,100187
032860,2012-02-03,739563,799259,715759,756745,359953
032860,2012-02-06,762479,832962,717970,731950,305821
032860,2012-02-07,747571,751631,727827,732942,77689
032860,2012-02-08,733767,758563,720780,753769,110702
032860,2012-02-09,753645,761611,715893,743851,164792
032860,2012-02-10,751650,793245,735780,782532,391251
032860,2012-02-13,793337,813050,761598,801376,251538
032860,2012-02-14,809144,812988,778335,813278,234886
032860,2012-02-15,827030,827030,771456,783523,255780
032860,2012-02-16,784293,900246,784293,900556,1138489
032860,2012-02-17,931117,971783,855830,895597,891051
032860,2012-02-20,892426,895556,847917,862868,375720
032860,2012-02-21,870460,892342,870460,892622,216739
032860,2012-02-22,899314,993570,892309,948163,520953
032860,2012-02-23,953896,969797,914222,950146,246517
032860,2012-02-24,969983,969983,930278,946179,194760
032860,2012-02-27,944165,944165,891473,912458,135943
032860,2012-02-28,932048,932048,869468,884687,80571
032860,2012-02-29,868661,918253,813086,915433,468611
032860,2012-03-02,930186,986752,897486,927335,275605
032860,2012-03-05,916292,916292,788252,872786,1507235
032860,2012-03-06,882570,899431,848879,848982,290144
032860,2012-03-07,848822,958793,839927,952130,1033057
032860,2012-03-08,942024,980768,923272,979900,440010
032860,2012-03-09,979578,1033014,958667,1013621,557093
032860,2012-03-12,1009531,1013405,972740,982876,460041
032860,2012-03-13,990489,1007319,954886,1007671,296557
032860,2012-03-14,1005519,1069059,987697,1051310,394144
032860,2012-03-15,1057004,1082978,973731,1001720,472587
032860,2012-03-16,995707,1047210,962046,995769,423853
032860,2012-03-19,987679,1015358,966757,991802,187500
032860,2012-03-20,991633,1069090,990672,1069162,516285
032860,2012-03-21,1078916,1116699,1043303,1043376,474525
032860,2012-03-22,1043147,1074917,1011377,1063212,210973
032860,2012-03-23,1068873,1086695,1046990,1063212,181869
032860,2012-03-26,1064876,1067014,1011471,1033458,170363
032860,2012-03-27,1033149,1043274,985757,991802,433191
032860,2012-03-28,991634,1055174,983699,1045359,182360
032860,2012-03-29,1054987,1076901,1021327,1057261,217879
032860,2012-03-30,1061124,1076994,1033198,1061228,328948
032860,2012-04-02,1062860,1084773,1043147,1063212,177994
032860,2012-04-03,1067013,1080713,1043178,1071146,214471
032860,2012-04-04,1069090,1071043,1017607,1053294,201495
032860,2012-04-05,1043335,1051270,1007474,1011638,183252
032860,2012-04-06,1011564,1029387,999507,1027507,116914
032860,2012-04-09,1027447,1027447,932137,954113,169390
032860,2012-04-10,952935,971687,940908,965023,98837
032860,2012-04-12,965704,997443,902164,980892,304734
032860,2012-04-13,991616,991616,971872,986843,201291
032860,2012-04-16,973766,988674,901361,912458,291014
032860,2012-04-17,912334,912334,842812,892622,335234
032860,2012-04-18,921321,921321,882577,920392,142775
032860,2012-04-19,922311,976925,918189,970974,238037
032860,2012-04-20,947048,966761,887599,903531,705898
032860,2012-04-23,903619,903619,768605,768646,1423653
032860,2012-04-24,750825,764524,694258,751786,533630
032860,2012-04-25,755400,788100,736648,778564,597853
032860,2012-04-26,778442,778442,725038,725999,388530
032860,2012-04-27,726829,727789,617603,617893,2438833
032860,2012-04-30,606849,623679,553414,579212,908669
032860,2012-05-02,579014,620640,579014,614917,359919
032860,2012-05-03,624640,627739,587105,587147,272646
032860,2012-05-04,587911,605702,573002,583180,231131
032860,2012-05-07,582929,650312,570189,634753,339862
032860,2012-05-08,635611,651480,622624,625827,109328
032860,2012-05-09,620711,671233,612776,648638,186274
032860,2012-05-10,636642,678300,636642,660540,94015
032860,2012-05-11,660571,668506,633605,654589,80955
032860,2012-05-14,654466,654466,618852,626819,65878
032860,2012-05-15,625538,625538,580069,593098,108153
032860,2012-05-16,584966,640540,584966,595081,383522
032860,2012-05-17,583851,609576,575885,582188,158977
032860,2012-05-18,565100,574957,528278,535573,228151
032860,2012-05-21,507554,558107,501562,501852,231018
032860,2012-05-22,487675,550223,487675,537557,295715
032860,2012-05-23,545479,617666,529609,595081,458945
032860,2012-05-24,595071,612862,565222,588139,214269
032860,2012-05-25,615806,615806,583044,597065,130485
032860,2012-05-29,598852,602944,575017,578220,121022
032860,2012-05-30,582921,587013,563177,568302,121349
032860,2012-05-31,555368,566216,545511,548466,97514
032860,2012-06-01,541295,561008,539343,558384,97156
032860,2012-06-04,537422,554283,524435,535573,155634
032860,2012-06-05,554251,566060,529486,566319,168846
032860,2012-06-07,592901,638618,577031,595081,399009
032860,2012-06-08,586175,620827,586175,597065,103225
032860,2012-06-11,610909,612831,578209,586155,105362
032860,2012-06-12,584843,584843,568942,575245,92427
032860,2012-06-13,575111,584007,553415,555409,140887
032860,2012-06-14,552144,558188,525458,537557,204828
032860,2012-06-15,539312,555182,527286,542516,102877
032860,2012-06-18,549386,558281,542381,548466,60435
032860,2012-06-19,553353,565100,543218,543507,106533
032860,2012-06-20,547247,554221,533330,550450,235683
032860,2012-06-21,551121,555181,533330,550450,138042
032860,2012-06-22,536368,551276,535407,548466,303581
032860,2012-06-25,559056,559056,541265,549458,106471
032860,2012-06-26,545481,550316,526481,531606,187079
032860,2012-06-27,541265,543187,515539,535573,152893
032860,2012-06-28,531564,539498,522668,538548,95259
032860,2012-06-29,531564,544334,523629,540532,108006
032860,2012-07-02,547463,578241,543341,564335,170808
032860,2012-07-03,570244,589956,562309,586155,150689
032860,2012-07-04,595008,603904,587012,594089,197777
032860,2012-07-05,603005,603005,579201,581196,108120
032860,2012-07-06,584005,593862,573157,588139,100755
032860,2012-07-09,582890,596806,579976,590122,79588
032860,2012-07-10,592715,592715,579015,590122,82749
032860,2012-07-11,583045,592901,571267,581196,69412
032860,2012-07-12,586982,586982,553290,559376,88076
032860,2012-07-13,549386,562341,517585,548466,120553
032860,2012-07-16,550253,553384,536306,546483,47982
032860,2012-07-17,555398,567207,537607,556401,50498
032860,2012-07-18,548208,565038,536151,542516,78529
032860,2012-07-19,536243,561008,531408,552434,120298
032860,2012-07-20,545325,564077,525365,541524,138388
032860,2012-07-23,543342,543342,522668,530614,85198
032860,2012-07-24,529548,554344,518514,553425,88776
032860,2012-07-25,537391,554221,533299,541524,50079
032860,2012-07-26,541390,550285,522638,522680,65227
032860,2012-07-27,526450,535345,523536,528630,42357
032860,2012-07-30,529610,561101,518514,555409,143434
032860,2012-07-31,549354,571267,542380,565327,102955
032860,2012-08-01,557320,574150,550315,565327,73427
032860,2012-08-02,583013,649466,572165,596073,1440125
032860,2012-08-03,596837,629536,581928,599048,226175
032860,2012-08-06,619711,628606,598789,607975,328548
032860,2012-08-07,617666,617666,584966,595081,174662
032860,2012-08-08,594885,596806,566029,583180,214596
032860,2012-08-09,586143,603005,568104,603016,157981
032860,2012-08-10,596031,612861,592901,595081,92407
032860,2012-08-13,587105,595040,577001,579212,100521
032860,2012-08-14,587136,595071,569066,589130,119763
032860,2012-08-16,581092,590949,567113,579212,172141
032860,2012-08-17,575947,580968,568973,576237,96897
032860,2012-08-20,581898,581898,557165,566319,153470
032860,2012-08-21,565162,572167,551214,553425,114040
032860,2012-08-22,559118,562249,531440,543507,134444
032860,2012-08-23,546347,561039,546347,561360,97163
032860,2012-08-24,558157,563209,553352,560368,83663
032860,2012-08-27,559087,559087,534322,551442,82166
032860,2012-08-28,555399,555399,534446,540532,140302
032860,2012-08-29,542319,546441,533423,545491,91316
032860,2012-08-30,549169,552082,537391,541524,92127
032860,2012-08-31,541420,550316,530572,539540,135699
032860,2012-09-03,535376,539499,528402,531606,78773
032860,2012-09-04,528247,549199,527286,549458,123431
032860,2012-09-05,543187,549200,535252,535573,75994
032860,2012-09-06,531564,535376,528402,531606,48661
032860,2012-09-07,537514,546410,527410,546483,66735
032860,2012-09-10,540304,545357,517461,535573,111994
032860,2012-09-11,535190,535190,522451,533589,112596
032860,2012-09-12,538446,544221,513681,513753,194263
032860,2012-09-13,522649,522649,496912,507803,198599
032860,2012-09-14,515489,517442,501562,501852,122990
032860,2012-09-17,505726,509538,477789,493917,186489
032860,2012-09-18,499838,499838,474081,476065,292060
032860,2012-09-19,474824,496738,465929,485983,145592
032860,2012-09-20,487749,495684,485827,490942,86812
032860,2012-09-21,495746,500798,477955,483999,84337
032860,2012-09-24,492802,499775,469927,482016,128471
032860,2012-09-25,475042,482016,467107,467139,137907
032860,2012-09-26,469030,469030,428364,443335,182537
032860,2012-09-27,437262,452170,389591,409614,258047
032860,2012-09-28,403433,469866,403433,470114,316025
032860,2012-10-02,501561,537422,485661,526647,801354
032860,2012-10-04,527453,539479,487738,497885,547800
032860,2012-10-05,514714,514714,481973,497885,179232
032860,2012-10-08,498816,498816,457220,457221,190671
032860,2012-10-09,468037,470920,450246,457221,108310
032860,2012-10-10,457065,474887,434221,471106,185124
032860,2012-10-11,479630,479630,454833,460196,122132
032860,2012-10-12,457158,476902,452106,465155,88665
032860,2012-10-15,467883,470796,446000,454245,138050
032860,2012-10-16,450277,467108,441382,451270,74820
032860,2012-10-17,456135,508579,443148,463171,212624
032860,2012-10-18,469931,505824,393682,400688,484659
032860,2012-10-19,420212,459886,417329,460196,1125208
032860,2012-10-22,483814,483814,447023,462180,408106
032860,2012-10-23,464244,503711,464244,491934,323089
032860,2012-10-24,485734,504734,470784,494909,176251
032860,2012-10-25,488822,559056,488822,535573,593015
032860,2012-10-26,552144,555306,511510,537557,341206
032860,2012-10-29,538569,538569,505839,516729,113916
032860,2012-10-30,516470,530397,487583,508794,125093
032860,2012-10-31,502750,530646,492852,499868,79339
032860,2012-11-01,506656,506656,485734,493917,107393
032860,2012-11-02,491778,513692,481922,487967,77220
032860,2012-11-05,487676,501634,487676,496893,78744
032860,2012-11-06,499671,532402,496788,511770,167138
032860,2012-11-07,521626,521626,489846,504827,107507
032860,2012-11-08,505633,516481,493627,500860,118400
032860,2012-11-09,491706,502533,483771,500860,91928
032860,2012-11-12,501634,505726,476859,495901,70115
032860,2012-11-13,495591,507617,485734,486975,82615
032860,2012-11-14,496788,525397,481880,511770,403167
032860,2012-11-15,527350,527350,502584,510778,132086
032860,2012-11-16,505882,515707,462055,475073,249300
032860,2012-11-19,475042,482976,465154,474081,69070
032860,2012-11-20,477893,485859,470919,474081,37943
032860,2012-11-21,473895,473895,452013,461188,168847
032860,2012-11-22,472966,472966,441196,454245,86188
032860,2012-11-23,453997,460971,436205,456229,68695
032860,2012-11-26,472067,472067,450153,455237,70253
032860,2012-11-27,457128,457128,433292,446311,121236
032860,2012-11-28,446187,447179,431495,435401,34602
032860,2012-11-29,448325,448325,426443,442344,70022
032860,2012-11-30,438128,446063,424397,438376,72885
032860,2012-12-03,438036,438036,411349,413581,51119
032860,2012-12-04,433386,433386,407660,426475,42582
032860,2012-12-05,436300,436300,416556,426475,65606
032860,2012-12-06,415503,429234,396503,397713,210201
032860,2012-12-07,361944,401649,355900,385811,263452
032860,2012-12-10,382896,416588,367987,401680,118730
032860,2012-12-11,416402,418293,392535,404655,53490
032860,2012-12-12,406298,406298,389467,395729,44587
032860,2012-12-13,395574,398456,384756,391762,57388
032860,2012-12-14,391731,396566,377783,382836,79430
032860,2012-12-17,382825,384716,352946,360024,115563
032860,2012-12-18,368785,376720,330042,342172,166706
032860,2012-12-20,328120,344981,327159,342172,223070
032860,2012-12-21,342129,359920,335156,359032,93667
032860,2012-12-24,359021,361935,347026,361016,47998
032860,2012-12-26,362834,370768,355829,360024,50653
032860,2012-12-27,375851,375851,357813,361016,37427
032860,2012-12-28,364817,370830,355922,362008,28688
032860,2013-01-02,372575,407445,365601,394737,143697
032860,2013-01-03,396441,409397,387515,395729,213847
032860,2013-01-04,406298,406298,390645,396721,21882
032860,2013-01-07,406298,406298,391606,396721,53226
032860,2013-01-08,396410,399572,389467,396721,25247
032860,2013-01-09,396596,403570,390800,402672,42828
032860,2013-01-10,396472,410451,396472,398704,29765
032860,2013-01-11,396503,402485,393590,397713,29563
032860,2013-01-14,396441,406298,394489,395729,36842
032860,2013-01-15,396504,402548,389530,391762,47552
032860,2013-01-16,396411,396411,386523,386803,58285
032860,2013-01-17,386648,391669,376791,381844,58154
032860,2013-01-18,381688,392753,380696,392754,38370
032860,2013-01-21,392536,395450,377628,386803,23689
032860,2013-01-22,389561,392691,381626,390770,79738
032860,2013-01-23,387546,392629,381533,389778,56249
032860,2013-01-24,389592,390801,376853,384819,24017
032860,2013-01-25,384788,396566,376853,385811,37395
032860,2013-01-28,395450,395450,376667,386803,51409
032860,2013-01-29,390646,390646,375706,386803,41957
032860,2013-01-30,385779,392753,376852,392754,47024
032860,2013-01-31,388537,397464,379642,397713,65719
032860,2013-02-01,394644,394644,382866,384819,62799
032860,2013-02-04,384571,389406,373537,378868,33008
032860,2013-02-05,377711,377711,364693,364983,46010
032860,2013-02-06,364663,371636,350963,357049,27172
032860,2013-02-07,355922,364817,352048,362008,27272
032860,2013-02-08,363701,376719,352884,374901,23033
032860,2013-02-12,370830,373682,364755,368950,31177
032860,2013-02-13,368784,377680,366863,374901,50447
032860,2013-02-14,375727,375727,368722,372918,17815
032860,2013-02-15,377742,377742,366894,366967,10583
032860,2013-02-18,368909,374891,356852,361016,30581
032860,2013-02-19,354000,373744,354000,369942,24331
032860,2013-02-20,368816,376781,366894,366967,34288
032860,2013-02-21,366987,372783,365778,369942,33985
032860,2013-02-22,370675,392588,370675,374901,74558
032860,2013-02-25,374797,382732,370675,374901,19749
032860,2013-02-26,374704,375634,362679,370934,34893
032860,2013-02-27,373713,373713,357813,361016,33093
032860,2013-02-28,366956,366956,359021,361016,35910
032860,2013-03-04,362896,365747,360974,361016,40486
032860,2013-03-05,362802,375820,359951,375893,88208
032860,2013-03-06,375768,406299,372638,380852,679344
032860,2013-03-07,387598,387598,368815,373909,117277
032860,2013-03-08,374828,384685,373620,373909,107736
032860,2013-03-11,380625,380625,361873,366967,66569
032860,2013-03-12,366894,368816,361842,367958,43520
032860,2013-03-13,370737,381554,359920,373909,117262
032860,2013-03-14,373496,375634,364600,370934,76661
032860,2013-03-15,370768,374829,358959,360024,191485
032860,2013-03-18,351056,359951,348886,353081,123067
032860,2013-03-19,354900,358960,337078,343163,157052
032860,2013-03-20,340952,344083,325052,336221,140033
032860,2013-03-21,332057,339031,323161,329278,224951
032860,2013-03-22,329144,329144,313274,318368,172451
032860,2013-03-25,317024,342998,317024,331262,215684
032860,2013-03-26,337140,337140,321240,328286,114982
032860,2013-03-27,330135,345044,330135,335229,155001
032860,2013-03-28,330135,338070,327222,336221,111138
032860,2013-03-29,339929,339929,331003,333245,70361
032860,2013-04-01,332088,336180,320279,321344,55049
032860,2013-04-02,327129,327129,300195,308450,141216
032860,2013-04-03,310299,324960,308129,315393,218246
032860,2013-04-04,314235,317149,305340,312418,123954
032860,2013-04-05,316002,316002,301342,306467,86147
032860,2013-04-08,306146,310237,303232,306467,52550
032860,2013-04-09,305340,311322,304348,309442,60037
032860,2013-04-10,308067,315041,307107,313409,57730
032860,2013-04-11,313151,319195,309338,315393,34162
032860,2013-04-12,316963,357597,311167,313409,826750
032860,2013-04-15,315258,331127,313305,320352,262417
032860,2013-04-16,318234,320155,313151,315393,167335
032860,2013-04-17,319287,335156,319287,327295,234732
032860,2013-04-18,327160,327160,309338,317377,220763
032860,2013-04-19,317181,321272,291455,296549,424037
032860,2013-04-22,291331,294493,254788,285639,398592
032860,2013-04-23,288418,288418,277569,283655,105967
032860,2013-04-24,283396,288449,279553,286631,152143
032860,2013-04-25,289441,289441,281506,285639,55806
032860,2013-04-26,283335,287426,278530,284647,81988
032860,2013-04-29,285566,311323,277631,285639,119796
032860,2013-04-30,288449,288449,281506,286631,44218
032860,2013-05-02,282529,291455,279615,280680,41758
032860,2013-05-03,281413,287426,280483,284647,48811
032860,2013-05-06,287550,291424,283489,288614,66844
032860,2013-05-07,293408,293408,285473,289606,55950
032860,2013-05-08,292385,294524,285628,287623,87266
032860,2013-05-09,289378,293470,285535,292582,64384
032860,2013-05-10,296414,302427,292323,295557,151333
032860,2013-05-13,332987,335126,305309,319360,479485
032860,2013-05-14,314142,319225,307168,317377,119181
032860,2013-05-15,311353,322201,311353,318368,99521
032860,2013-05-16,315072,349972,315072,331262,545259
032860,2013-05-20,330074,330074,308160,319360,141602
032860,2013-05-21,327129,338907,313150,331262,156823
032860,2013-05-22,334133,337047,324990,334237,146264
032860,2013-05-23,332119,351149,332119,337213,308496
032860,2013-05-24,353040,353040,334257,337213,120392
032860,2013-05-27,336954,344919,332862,340188,72745
032860,2013-05-28,338968,346965,338038,343163,76253
032860,2013-05-29,333079,343184,333079,337213,203249
032860,2013-05-30,337047,340890,329112,333245,74510
032860,2013-05-31,330135,345044,329174,335229,74997
032860,2013-06-03,333018,346004,331096,335229,43814
032860,2013-06-04,340860,340860,319225,325311,121713
032860,2013-06-05,327160,332925,317056,325311,67368
032860,2013-06-07,324990,328121,320186,325311,24497
032860,2013-06-10,326137,335993,318202,322336,31338
032860,2013-06-11,323100,323100,317087,319360,35889
032860,2013-06-12,322108,322108,309369,316385,46371
032860,2013-06-13,313305,333049,311384,320352,88039
032860,2013-06-14,328989,328989,316994,323327,4856
032860,2013-06-17,318296,324061,315165,319360,45688
032860,2013-06-18,318172,321984,314049,314401,43656
032860,2013-06-19,312190,321085,311260,315393,17917
032860,2013-06-20,315227,317118,309431,311426,33232
032860,2013-06-21,303325,316064,301404,308450,14545
032860,2013-06-24,314081,314081,301342,305475,13066
032860,2013-06-25,311261,311261,275400,283655,64545
032860,2013-06-26,283459,304412,257702,263819,140095
032860,2013-06-27,266629,276702,266629,270762,39191
032860,2013-06-28,268736,282467,268736,277705,53249
032860,2013-07-01,306333,306333,269759,279688,38909
032860,2013-07-02,273478,291269,273478,290598,27478
032860,2013-07-03,284234,315012,273386,273737,22884
032860,2013-07-04,277663,284389,270689,277705,14199
032860,2013-07-05,235986,235986,235986,236049,77393
032860,2013-07-08,210882,222908,200994,208278,1936819
032860,2013-07-09,210107,212276,201211,207287,522042
032860,2013-07-10,207224,209146,203164,206295,281789
032860,2013-07-11,207193,215128,206232,213237,395397
032860,2013-07-12,244944,244944,237970,244975,369170
032860,2013-07-15,247732,278531,243641,267787,1484229
032860,2013-07-16,267435,278531,257578,267787,603174
032860,2013-07-17,265513,275339,257579,257868,303189
032860,2013-07-18,257548,265482,256587,258860,86472
032860,2013-07-19,264615,264615,245873,245967,179664
032860,2013-07-22,242681,242681,216955,234065,201792
032860,2013-07-23,233848,236948,224952,228114,104411
032860,2013-07-24,224951,261794,224951,261836,467973
032860,2013-07-25,271619,297345,262692,269770,1412382
032860,2013-07-26,271557,282343,261669,275721,299297
032860,2013-07-29,278531,278531,258539,266795,164083
032860,2013-07-30,266412,266412,249623,265803,233739
032860,2013-07-31,265669,274564,253859,253901,193688
032860,2013-08-01,251504,261608,248600,256877,67586
032860,2013-08-02,261763,261763,248787,254893,145440
032860,2013-08-05,261794,261794,251690,253901,76348
032860,2013-08-06,253859,258695,251690,253901,78153
032860,2013-08-07,252836,276640,249716,276713,361867
032860,2013-08-08,288325,288325,265451,273737,293281
032860,2013-08-09,273603,273603,261825,270762,277665
032860,2013-08-12,270658,276640,263684,276713,535666
032860,2013-08-13,300756,317618,291148,317618,947782
032860,2013-08-14,312782,341670,307978,317618,1751270
032860,2013-08-16,311556,335640,306752,321227,763586
032860,2013-08-19,318826,324808,306769,317618,183219
032860,2013-08-20,321163,321163,299529,301978,155344
032860,2013-08-21,301931,310362,282683,289947,111020
032860,2013-08-22,292289,303106,280232,283931,164635
032860,2013-08-23,294723,294723,244170,282728,295350
032860,2013-08-26,291115,291115,276640,276713,152463
032860,2013-08-27,274306,277870,263458,274307,175672
032860,2013-08-28,268254,274298,264658,269494,52736
032860,2013-08-29,269463,269463,264658,269494,68954
032860,2013-08-30,268247,276646,259816,262276,58937
032860,2013-09-02,262248,262248,247805,252651,236837
032860,2013-09-03,257406,263420,249007,256260,333578
032860,2013-09-04,256226,258613,249004,250245,178372
032860,2013-09-05,251420,258611,246585,255057,218836
032860,2013-09-06,253796,257422,241770,244229,285972
032860,2013-09-09,249022,250200,240561,244229,132198
032860,2013-09-10,246605,247814,241770,244229,120044
032860,2013-09-11,243003,249016,241794,247838,132663
032860,2013-09-12,246616,247825,240107,241823,162194
032860,2013-09-13,244211,250225,238694,238695,195515
032860,2013-09-16,238668,240311,223481,224979,376682
032860,2013-09-17,226633,233359,222294,233401,247396
032860,2013-09-23,232127,233336,229709,233161,163771
032860,2013-09-24,233121,233121,229247,230032,69842
032860,2013-09-25,234317,234565,228552,229792,72415
032860,2013-09-26,231426,231426,226126,226664,90079
032860,2013-09-27,223498,239615,223498,237973,208222
032860,2013-09-30,240371,241828,235784,240620,61469
032860,2013-10-01,239658,249050,236032,240620,134749
032860,2013-10-02,245420,247838,237237,238695,150298
032860,2013-10-04,237676,240558,235971,238214,41979
032860,2013-10-07,236483,240574,235491,237010,64408
032860,2013-10-08,238160,239369,223747,229792,119682
032860,2013-10-10,195372,199432,195372,199474,2876120
032860,2013-10-11,199202,201155,196784,200917,750511
032860,2013-10-14,200409,209088,195822,209099,1007944
032860,2013-10-15,209804,220156,206890,220167,775397
032860,2013-10-16,221371,226889,217032,222333,466516
032860,2013-10-17,221085,225673,218668,224258,384745
032860,2013-10-18,222521,229960,222273,230032,194686
032860,2013-10-21,227374,232395,226630,229792,128992
032860,2013-10-22,227349,263428,227349,261072,535843
032860,2013-10-23,253811,264628,245380,256260,456552
032860,2013-10-24,258652,291135,252608,265885,392780
032860,2013-10-25,261018,277849,261018,276713,329970
032860,2013-10-28,280277,294752,270668,287541,508256
032860,2013-10-29,300730,317591,285078,294759,970712
032860,2013-10-30,303146,306772,273080,277916,623710
032860,2013-10-31,275431,280266,261018,276713,283679
032860,2013-11-01,286313,286313,271900,271900,133935
032860,2013-11-04,271886,288716,269469,279119,53354
032860,2013-11-05,276656,281491,262243,275510,93304
032860,2013-11-06,275499,282721,261055,264682,106970
032860,2013-11-07,264632,267049,254992,259869,135689
032860,2013-11-08,259807,271864,252585,270697,132390
032860,2013-11-11,268272,277881,253808,263479,136620
032860,2013-11-12,264652,264652,249000,249041,94410
032860,2013-11-13,257422,257422,240096,244229,89174
032860,2013-11-14,251437,251437,233366,240620,43428
032860,2013-11-15,240619,255032,240371,240620,142980
032860,2013-11-18,240596,246640,240100,245432,26216
032860,2013-11-19,245404,257399,242987,249041,63411
032860,2013-11-20,256238,256238,240585,247838,51110
032860,2013-11-21,247833,252606,240085,246635,68326
032860,2013-11-22,247791,252596,235735,235807,38631
032860,2013-11-25,236534,240595,228600,235326,158488
032860,2013-11-26,235312,236490,222542,233401,66190
032860,2013-11-27,231928,233601,226162,232920,54872
032860,2013-11-28,232421,236977,228577,232679,32802
032860,2013-11-29,233358,233358,226168,228348,122083
032860,2013-12-02,230726,230726,223505,225220,58193
032860,2013-12-03,223728,223728,217188,219926,42088
032860,2013-12-04,222548,222548,218704,221370,76068
032860,2013-12-05,225667,226163,219437,223776,37122
032860,2013-12-06,226161,226161,220117,222814,22463
032860,2013-12-09,224955,224955,220616,224739,26440
032860,2013-12-10,227585,227585,221603,223536,39281
032860,2013-12-11,227119,227119,221819,222573,8119
032860,2013-12-12,224947,224947,219430,221611,87413
032860,2013-12-13,220149,225915,219189,223776,13705
032860,2013-12-16,226589,256189,192681,216558,1165868
032860,2013-12-17,212193,234820,197037,220408,264871
032860,2013-12-18,221089,221089,199702,220408,101752
032860,2013-12-19,221133,224977,213911,218964,47199
032860,2013-12-20,221381,222094,216050,218964,38889
032860,2013-12-23,217042,219459,214128,218964,64114
032860,2013-12-24,218716,218963,214376,218964,31093
032860,2013-12-26,218963,218963,213911,218964,39940
032860,2013-12-27,214621,217751,214125,217039,34959
032860,2013-12-30,217481,223742,214598,223536,53129
032860,2014-01-02,223245,223245,218410,218483,24800
032860,2014-01-03,221323,221323,216519,218483,5833
032860,2014-01-06,221072,221072,215524,216558,36866
032860,2014-01-07,220885,220885,216298,218964,17693
032860,2014-01-08,216485,230215,212642,216558,34504
032860,2014-01-09,219398,220576,215772,216558,41333
032860,2014-01-10,218903,218903,215059,216558,21831
032860,2014-01-13,220567,220567,216227,219926,5381
032860,2014-01-14,214844,219865,211930,217520,39581
032860,2014-01-15,217950,220119,216524,219686,53343
032860,2014-01-16,219619,220828,216271,218483,34771
032860,2014-01-17,223520,223520,216794,218964,12697
032860,2014-01-20,218904,218904,213387,217520,20267
032860,2014-01-21,217751,220603,214373,217039,21798
032860,2014-01-22,215059,219863,212890,216558,42839
032860,2014-01-23,217244,219413,213400,216077,13936
032860,2014-01-24,214339,218213,212913,216798,31770
032860,2014-01-27,213850,217942,213386,216558,30274
032860,2014-01-28,218960,222060,213877,217039,21179
032860,2014-01-29,219402,219402,216519,218483,46433
032860,2014-02-03,216510,218680,214124,217761,43376
032860,2014-02-04,216237,219150,212177,216558,27075
032860,2014-02-05,217695,219617,214596,217520,15934
032860,2014-02-06,217447,218408,215061,217520,16129
032860,2014-02-07,223741,223741,215062,218483,32911
032860,2014-02-10,218407,218407,214346,216558,13517
032860,2014-02-11,217006,218680,215053,217761,13805
032860,2014-02-12,218696,219905,215318,218242,16356
032860,2014-02-13,218238,222050,212906,220408,78951
032860,2014-02-14,220351,221560,218182,220889,41551
032860,2014-02-17,220814,221062,214585,219926,51775
032860,2014-02-18,218716,220637,216546,218964,58930
032860,2014-02-19,217247,227600,215574,221370,151961
032860,2014-02-20,221346,224012,217720,221130,25496
032860,2014-02-21,221082,222291,218943,220648,13922
032860,2014-02-24,219657,220370,216279,218242,37123
032860,2014-02-25,217259,220885,217042,218964,39229
032860,2014-02-26,217932,221775,216475,219926,58615
032860,2014-02-27,219887,219887,216509,216798,22469
032860,2014-02-28,218658,218906,215310,218483,20741
032860,2014-03-03,219459,219459,216546,218964,19804
032860,2014-03-04,218946,220867,212189,219205,46069
032860,2014-03-05,219907,221363,217241,219205,15196
032860,2014-03-06,220584,220584,217020,219686,24191
032860,2014-03-07,221846,221846,217259,218964,37515
032860,2014-03-10,220850,220850,215549,217761,27782
032860,2014-03-11,217239,218448,216031,218242,57365
032860,2014-03-12,219424,219424,215053,217761,90300
032860,2014-03-13,216534,217711,215325,216317,69163
032860,2014-03-14,215276,216733,212425,216558,46660
032860,2014-03-17,218948,219165,215570,216077,61283
032860,2014-03-18,214091,216757,212913,216798,30140
032860,2014-03-19,217694,218190,215059,216558,23148
032860,2014-03-20,216534,216534,214860,216317,16347
032860,2014-03-21,216536,216536,206896,213189,100556
032860,2014-03-24,213857,215561,208556,209580,18738
032860,2014-03-25,210472,220576,207590,216558,173726
032860,2014-03-26,219863,219863,214098,216558,53079
032860,2014-03-27,216485,216485,214098,216558,30983
032860,2014-03-28,217496,217744,215078,217280,26522
032860,2014-03-31,221075,221075,214598,218483,15036
032860,2014-04-01,218904,218904,215061,217520,80830
032860,2014-04-02,218903,218903,214346,216558,170660
032860,2014-04-03,216543,217751,214125,217039,75400
032860,2014-04-04,217027,217027,212904,216077,33633
032860,2014-04-07,214339,218678,214339,216798,16276
032860,2014-04-08,216485,216485,211681,216558,84538
032860,2014-04-09,216485,216485,213138,216558,21775
032860,2014-04-10,214111,215320,212903,215114,26269
032860,2014-04-11,215323,215323,212906,215355,130810
032860,2014-04-14,213127,215297,212879,214873,42994
032860,2014-04-15,214088,216505,212631,214873,79752
032860,2014-04-16,214101,215310,211962,213430,95906
032860,2014-04-17,213386,218655,211681,216558,245329
032860,2014-04-18,217694,217694,212425,216558,190163
032860,2014-04-21,217216,217216,214612,216317,30009
032860,2014-04-22,218925,218925,214833,215836,30324
032860,2014-04-23,216048,216760,212917,212948,77113
032860,2014-04-24,212879,216257,212414,214873,392130
032860,2014-04-25,214871,214871,208114,213911,97763
032860,2014-04-28,211938,216526,209304,211505,47795
032860,2014-04-29,216295,216295,208826,212948,45026
032860,2014-04-30,213857,213857,209269,209580,60220
032860,2014-05-02,210977,211690,205708,211505,39799
032860,2014-05-07,213379,213379,208327,212708,46134
032860,2014-05-08,212669,214126,206904,212948,42126
032860,2014-05-09,208304,210009,199160,208377,197915
032860,2014-05-12,209287,209287,201600,207655,59899
032860,2014-05-13,204034,213425,204034,206452,58673
032860,2014-05-14,207145,207145,197288,204046,228924
032860,2014-05-15,204045,209314,202588,204046,81620
032860,2014-05-16,200419,205006,199458,204046,26360
032860,2014-05-19,206412,207869,200399,203324,38910
032860,2014-05-20,204243,204243,196773,203324,145744
032860,2014-05-21,203340,203340,194879,199714,186193
032860,2014-05-22,199656,199904,194852,199233,70195
032860,2014-05-23,197975,199432,196549,199474,51002
032860,2014-05-26,198471,200393,196301,199474,32765
032860,2014-05-27,200911,203298,199455,202121,85060
032860,2014-05-28,202133,203807,198507,200677,84365
032860,2014-05-29,198755,203807,197050,200677,57087
032860,2014-05-30,198223,201137,196766,199474,63957
032860,2014-06-02,199705,199705,192204,198993,80236
032860,2014-06-03,200419,204758,195862,204046,62271
032860,2014-06-05,204039,204535,200164,201880,7684
032860,2014-06-09,202098,204268,199680,202842,66858
032860,2014-06-10,203738,204482,199647,202602,78284
032860,2014-06-11,204232,204232,197010,201639,60577
032860,2014-06-12,202092,202557,198248,198993,39109
032860,2014-06-13,199455,202120,197533,202121,73321
032860,2014-06-16,198742,202120,198494,202121,55113
032860,2014-06-17,203059,204268,202098,202842,40741
032860,2014-06-18,201602,204268,201602,202842,45491
032860,2014-06-19,203985,209285,201846,206692,42611
032860,2014-06-20,204718,209305,204718,209099,20402
032860,2014-06-23,209088,210761,206670,209099,42945
032860,2014-06-24,208848,208848,203300,208136,18697
032860,2014-06-25,203770,209287,203770,207655,15261
032860,2014-06-26,208816,208816,206181,207174,24839
032860,2014-06-27,207115,208572,204481,206692,55906
032860,2014-06-30,209068,209068,199677,206692,25289
032860,2014-07-01,208571,208571,204479,205730,14112
032860,2014-07-02,208811,208811,204007,205971,26415
032860,2014-07-03,204698,206868,203024,206692,55345
032860,2014-07-04,208091,208587,204495,204527,25563
032860,2014-07-07,208590,208590,197277,197308,12584
032860,2014-07-08,204696,207362,199675,205730,135217
032860,2014-07-09,210255,210255,204490,207414,18481
032860,2014-07-10,207341,209263,203994,207414,47755
032860,2014-07-11,208078,208078,204700,207655,35153
032860,2014-07-14,207610,207610,202062,205730,23470
032860,2014-07-15,206868,207363,204481,206692,10592
032860,2014-07-16,206165,209048,204492,208377,38615
032860,2014-07-17,208337,210258,204958,209339,53438
032860,2014-07-18,219914,240619,217032,240620,1396279
032860,2014-07-21,250236,251445,235079,245432,1023789
032860,2014-07-22,250200,250200,239383,244229,569582
032860,2014-07-23,245385,245385,233359,233401,355737
032860,2014-07-24,231972,239411,229554,231476,175970
032860,2014-07-25,229983,232153,225179,228589,143180
032860,2014-07-28,231434,231434,218943,220648,168362
032860,2014-07-29,217190,219390,211425,211745,239172
032860,2014-07-30,213400,216035,204505,216077,123145
032860,2014-07-31,219898,224703,213885,214392,109713
032860,2014-08-01,195099,217942,195099,216558,27298
032860,2014-08-04,216529,216529,201342,215114,52381
032860,2014-08-05,214861,214861,209313,212227,69911
032860,2014-08-06,211980,213437,211732,213189,29212
032860,2014-08-07,214340,216013,209288,212708,53395
032860,2014-08-08,212934,215073,210052,211024,36478
032860,2014-08-11,211945,223754,211945,215355,59090
032860,2014-08-12,222305,222522,214091,216798,66416
032860,2014-08-13,215323,218206,213649,215355,36749
032860,2014-08-14,215086,217751,211459,217039,35043
032860,2014-08-18,222544,222544,213865,216077,44655
032860,2014-08-19,218430,218430,214091,216798,32571
032860,2014-08-20,217199,218191,215309,217520,24598
032860,2014-08-21,218662,220119,214354,219686,68338
032860,2014-08-22,225910,225910,218936,222573,49243
032860,2014-08-25,222794,224220,219198,220408,96878
032860,2014-08-26,220610,223988,219432,222573,20411
032860,2014-08-27,222555,223268,220850,221130,29842
032860,2014-08-28,222555,223020,219424,221130,35356
032860,2014-08-29,223013,253822,220130,253854,952247
032860,2014-09-01,252625,256251,221381,228108,763379
032860,2014-09-02,231179,231179,214101,222573,393933
032860,2014-09-03,221333,224960,216281,224258,189980
032860,2014-09-04,224208,224208,219900,222814,99457
032860,2014-09-05,221574,223743,217730,222814,60623
032860,2014-09-11,223979,224940,219144,221851,50584
032860,2014-09-12,223991,223991,219435,222814,59359
032860,2014-09-15,224218,232401,222792,228589,251900
032860,2014-09-16,228590,230729,226885,229551,53395
032860,2014-09-17,234575,249050,228593,240620,475754
032860,2014-09-18,250247,251425,239647,243026,341695
032860,2014-09-19,244189,245398,228320,230273,671672
032860,2014-09-22,229492,233336,227571,233161,561438
032860,2014-09-23,236279,259835,232156,253854,620160
032860,2014-09-24,256206,291106,247806,261072,4280914
032860,2014-09-25,263463,287547,239162,240620,3870104
032860,2014-09-26,239872,252611,236525,247838,1055345
032860,2014-09-29,251433,253820,241794,247838,1079099
032860,2014-09-30,250222,269469,241791,265885,1451910
032860,2014-10-01,271888,300744,261040,298369,2757063
032860,2014-10-02,312759,322367,292302,300775,2891605
032860,2014-10-06,299482,306734,280265,303181,1293238
032860,2014-10-07,306772,332033,295954,323634,1441250
032860,2014-10-08,318810,323584,307962,318821,931338
032860,2014-10-10,309129,317560,293508,307993,971734
032860,2014-10-13,306735,306735,269448,289947,1225262
032860,2014-10-14,288731,305561,288731,304384,515542
032860,2014-10-15,305545,312767,294728,305587,319689
032860,2014-10-16,309163,318772,294720,300775,522386
032860,2014-10-17,301967,305562,291149,291150,394521
032860,2014-10-20,297143,297143,283908,288744,397259
032860,2014-10-21,287546,310390,286337,286338,625270
032860,2014-10-22,285128,312807,281502,286338,1734127
032860,2014-10-23,293501,305527,267031,276713,1646430
032860,2014-10-24,298317,298317,280278,295962,619012
032860,2014-10-27,298342,311608,295986,310399,740643
032860,2014-10-28,356117,356117,356117,356117,379000
032860,2014-10-29,409053,409053,409053,409054,125861
032860,2014-10-30,470391,470391,417431,446350,12189932
032860,2014-10-31,421073,435485,380159,423491,4396448
032860,2014-11-03,478823,486014,409053,409054,6126131
032860,2014-11-04,411419,415015,364493,374164,3567049
032860,2014-11-05,375345,384954,351262,364539,2505891
032860,2014-11-06,341704,356117,310399,310399,5018729
032860,2014-11-07,298282,356056,295926,353711,4315945
032860,2014-11-10,354892,370513,342866,357320,1335381
032860,2014-11-11,360894,360894,324785,346492,853160
032860,2014-11-12,335640,342862,318809,321227,884706
032860,2014-11-13,318810,328419,315184,318821,563070
032860,2014-11-14,315186,332017,313978,324837,876874
032860,2014-11-17,323573,323573,304325,307993,893641
032860,2014-11-18,311539,312747,291082,303181,697836
032860,2014-11-19,299525,325985,294752,309196,1447675
032860,2014-11-20,311547,312756,303116,307993,295919
032860,2014-11-21,307954,318802,300732,314009,517575
032860,2014-11-24,316410,341671,313993,336868,1608316
032860,2014-11-25,335650,341694,326011,332055,559533
032860,2014-11-26,333217,336843,327204,333258,413114
032860,2014-11-27,335639,340474,329626,334461,529185
032860,2014-11-28,332005,341644,327200,340477,700683
032860,2014-12-01,342867,353684,340449,344086,823701
032860,2014-12-02,344040,350053,293517,321227,2742575
032860,2014-12-03,324785,368085,321159,346492,1804274
032860,2014-12-04,351260,353678,328417,334461,595036
032860,2014-12-05,333223,334432,312766,318821,548413
032860,2014-12-08,315174,322365,288704,294759,1855976
032860,2014-12-09,292319,293496,251406,251448,4226728
032860,2014-12-10,245409,256226,235304,250245,3132300
032860,2014-12-11,250219,259827,227810,232439,3791031
032860,2014-12-12,239419,247849,232414,245432,1707948
032860,2014-12-15,252614,262253,241796,253854,1849521
032860,2014-12-16,253807,258642,238186,241823,1088027
032860,2014-12-17,239367,245380,228550,237973,6044362
032860,2014-12-18,237912,237912,206886,220648,2261071
032860,2014-12-19,187642,194863,187642,187683,4009631
032860,2014-12-22,180442,182859,165998,168674,9816861
032860,2014-12-23,168597,169558,143337,143409,20784076
032860,2014-12-24,135949,153741,128479,140041,40767453
032860,2014-12-26,138310,142153,133257,135469,21883036
032860,2014-12-29,135889,140693,118563,120310,18238249
032860,2014-12-30,113061,125304,105343,109001,42002154
032860,2015-01-02,107466,117105,105110,110204,28567706
032860,2015-01-05,113070,126552,112574,118866,43030093
032860,2015-01-06,113044,115648,100987,101060,44517212
032860,2015-01-07,85870,85870,85870,85901,783347
032860,2015-01-08,0,0,0,85901,0
032860,2015-01-09,0,0,0,85901,0
032860,2015-01-12,0,0,0,85901,0
032860,2015-01-13,0,0,0,85901,0
032860,2015-01-14,0,0,0,85901,0
032860,2015-01-15,0,0,0,85901,0
032860,2015-01-16,0,0,0,85901,0
032860,2015-01-19,0,0,0,85901,0
032860,2015-01-20,0,0,0,85901,0
032860,2015-01-21,0,0,0,85901,0
032860,2015-01-22,0,0,0,85901,0
032860,2015-01-23,0,0,0,85901,0
032860,2015-01-26,0,0,0,85901,0
032860,2015-01-27,0,0,0,85901,0
032860,2015-01-28,0,0,0,85901,0
032860,2015-01-29,0,0,0,85901,0
032860,2015-01-30,0,0,0,85901,0
032860,2015-02-02,0,0,0,85901,0
032860,2015-02-03,0,0,0,85901,0
032860,2015-02-04,0,0,0,85901,0
032860,2015-02-05,0,0,0,85901,0
032860,2015-02-06,0,0,0,85901,0
032860,2015-02-09,73094,75728,73094,74592,20854721
032860,2015-02-10,74285,85629,72890,85661,53912689
032860,2015-02-11,90230,98382,85642,98413,17761259
032860,2015-02-12,108269,111896,91438,93360,52411107
032860,2015-02-13,94999,99121,91868,97210,26052879
032860,2015-02-16,96698,101998,85415,87586,22999494
032860,2015-02-17,74519,74519,74519,74592,760046
032860,2015-02-23,63523,68793,63523,63524,31357054
032860,2015-02-24,63478,68571,63230,65689,21256747
032860,2015-02-25,65675,67349,63753,63764,10965901
032860,2015-02-26,65179,66140,62049,63764,10221850
032860,2015-02-27,64969,65434,54368,56786,20010030
032860,2015-03-02,57466,64223,55327,55824,22884664
032860,2015-03-03,56787,57996,52200,57749,17654799
032860,2015-03-04,60074,63700,54061,55343,31398108
032860,2015-03-05,54807,56728,53350,56305,14508757
032860,2015-03-06,57225,59146,51925,52214,22342922
032860,2015-03-09,52195,54116,51234,51493,8163343
032860,2015-03-10,51675,53628,50714,51252,7777501
032860,2015-03-11,51677,52638,48051,48124,9999917
032860,2015-03-12,49059,49276,46393,46921,9565504
032860,2015-03-13,47618,47618,40634,42349,16412892
032860,2015-03-16,43300,45717,42091,45718,11661293
032860,2015-03-17,0,0,0,45718,0
032860,2015-03-18,0,0,0,45718,0
032860,2015-03-19,0,0,0,45718,0
032860,2015-03-20,0,0,0,45718,0
032860,2015-03-23,0,0,0,45718,0
032860,2015-03-24,0,0,0,45718,0
032860,2015-03-25,0,0,0,45718,0
032860,2015-03-26,0,0,0,45718,0
032860,2015-03-27,0,0,0,45718,0
032860,2015-03-30,0,0,0,45718,0
032860,2015-03-31,0,0,0,45718,0
032860,2015-04-01,0,0,0,45718,0
032860,2015-04-02,0,0,0,45718,0
032860,2015-04-03,0,0,0,45718,0
032860,2015-04-06,0,0,0,45718,0
032860,2015-04-07,0,0,0,45718,0
032860,2015-04-08,0,0,0,45718,0
032860,2015-04-09,0,0,0,45718,0
032860,2015-04-10,0,0,0,45718,0
032860,2015-04-13,0,0,0,45718,0
032860,2015-04-14,0,0,0,45718,0
032860,2015-04-15,0,0,0,45718,0
032860,2015-04-16,0,0,0,45718,0
032860,2015-04-17,0,0,0,45718,0
032860,2015-04-20,0,0,0,45718,0
032860,2015-04-21,0,0,0,45718,0
032860,2015-04-22,0,0,0,45718,0
032860,2015-04-23,0,0,0,45718,0
032860,2015-04-24,0,0,0,45718,0
032860,2015-04-27,0,0,0,45718,0
032860,2015-04-28,0,0,0,45718,0
032860,2015-04-29,0,0,0,45718,0
032860,2015-04-30,0,0,0,45718,0
032860,2015-05-04,0,0,0,45718,0
032860,2015-05-06,0,0,0,45718,0
032860,2015-05-07,0,0,0,45718,0
032860,2015-05-08,0,0,0,45718,0
032860,2015-05-11,0,0,0,45718,0
032860,2015-05-12,0,0,0,45718,0
032860,2015-05-13,0,0,0,45718,0
032860,2015-05-14,0,0,0,45718,0
032860,2015-05-15,0,0,0,45718,0
032860,2015-05-18,0,0,0,45718,0
032860,2015-05-19,0,0,0,45718,0
032860,2015-05-20,0,0,0,45718,0
032860,2015-05-21,0,0,0,45718,0
032860,2015-05-22,0,0,0,45718,0
032860,2015-05-26,0,0,0,45718,0
032860,2015-05-27,0,0,0,45718,0
032860,2015-05-28,0,0,0,45718,0
032860,2015-05-29,0,0,0,45718,0
032860,2015-06-01,0,0,0,45718,0
032860,2015-06-02,0,0,0,45718,0
032860,2015-06-03,0,0,0,45718,0
032860,2015-06-04,0,0,0,45718,0
032860,2015-06-05,0,0,0,45718,0
032860,2015-06-08,0,0,0,45718,0
032860,2015-06-09,0,0,0,45718,0
032860,2015-06-10,0,0,0,45718,0
032860,2015-06-11,0,0,0,45718,0
032860,2015-06-12,0,0,0,45718,0
032860,2015-06-15,0,0,0,45718,0
032860,2015-06-16,0,0,0,45718,0
032860,2015-06-17,0,0,0,45718,0
032860,2015-06-18,0,0,0,45718,0
032860,2015-06-19,0,0,0,45718,0
032860,2015-06-22,0,0,0,45718,0
032860,2015-06-23,0,0,0,45718,0
032860,2015-06-24,0,0,0,45718,0
032860,2015-06-25,0,0,0,45718,0
032860,2015-06-26,0,0,0,45718,0
032860,2015-06-29,0,0,0,45718,0
032860,2015-06-30,0,0,0,45718,0
032860,2015-07-01,0,0,0,45718,0
032860,2015-07-02,0,0,0,45718,0
032860,2015-07-03,0,0,0,45718,0
032860,2015-07-06,0,0,0,45718,0
032860,2015-07-07,0,0,0,45718,0
032860,2015-07-08,0,0,0,45718,0
032860,2015-07-09,0,0,0,45718,0
032860,2015-07-10,0,0,0,45718,0
032860,2015-07-13,0,0,0,45718,0
032860,2015-07-14,0,0,0,45718,0
032860,2015-07-15,0,0,0,45718,0
032860,2015-07-16,0,0,0,45718,0
032860,2015-07-17,0,0,0,45718,0
032860,2015-07-20,0,0,0,45718,0
032860,2015-07-21,0,0,0,45718,0
032860,2015-07-22,0,0,0,45718,0
032860,2015-07-23,0,0,0,45718,0
032860,2015-07-24,0,0,0,45718,0
032860,2015-07-27,0,0,0,45718,0
032860,2015-07-28,0,0,0,45718,0
032860,2015-07-29,0,0,0,45718,0
032860,2015-07-30,0,0,0,45718,0
032860,2015-07-31,0,0,0,45718,0
032860,2015-08-03,0,0,0,45718,0
032860,2015-08-04,0,0,0,45718,0
032860,2015-08-05,0,0,0,45718,0
032860,2015-08-06,0,0,0,45718,0
032860,2015-08-07,0,0,0,45718,0
032860,2015-08-10,0,0,0,45718,0
032860,2015-08-11,0,0,0,45718,0
032860,2015-08-12,0,0,0,45718,0
032860,2015-08-13,0,0,0,45718,0
032860,2015-08-17,0,0,0,45718,0
032860,2015-08-18,0,0,0,45718,0
032860,2015-08-19,0,0,0,45718,0
032860,2015-08-20,0,0,0,45718,0
032860,2015-08-21,0,0,0,45718,0
032860,2015-08-24,0,0,0,45718,0
032860,2015-08-25,0,0,0,45718,0
032860,2015-08-26,0,0,0,45718,0
032860,2015-08-27,0,0,0,45718,0
032860,2015-08-28,0,0,0,45718,0
032860,2015-08-31,0,0,0,45718,0
032860,2015-09-01,0,0,0,45718,0
032860,2015-09-02,0,0,0,45718,0
032860,2015-09-03,0,0,0,45718,0
032860,2015-09-04,0,0,0,45718,0
032860,2015-09-07,0,0,0,45718,0
032860,2015-09-08,0,0,0,45718,0
032860,2015-09-09,0,0,0,45718,0
032860,2015-09-10,0,0,0,45718,0
032860,2015-09-11,0,0,0,45718,0
032860,2015-09-14,0,0,0,45718,0
032860,2015-09-15,0,0,0,45718,0
032860,2015-09-16,0,0,0,45718,0
032860,2015-09-17,0,0,0,45718,0
032860,2015-09-18,0,0,0,45718,0
032860,2015-09-21,0,0,0,45718,0
032860,2015-09-22,0,0,0,45718,0
032860,2015-09-23,0,0,0,45718,0
032860,2015-09-24,0,0,0,45718,0
032860,2015-09-25,0,0,0,45718,0
032860,2015-09-30,0,0,0,45718,0
032860,2015-10-01,0,0,0,45718,0
032860,2015-10-02,0,0,0,45718,0
032860,2015-10-05,0,0,0,45718,0
032860,2015-10-06,0,0,0,45718,0
032860,2015-10-07,0,0,0,45718,0
032860,2015-10-08,0,0,0,45718,0
032860,2015-10-12,0,0,0,45718,0
032860,2015-10-13,0,0,0,45718,0
032860,2015-10-14,0,0,0,45718,0
032860,2015-10-15,0,0,0,45718,0
032860,2015-10-16,0,0,0,45718,0
032860,2015-10-19,0,0,0,45718,0
032860,2015-10-20,0,0,0,45718,0
032860,2015-10-21,0,0,0,45718,0
032860,2015-10-22,0,0,0,45718,0
032860,2015-10-23,0,0,0,45718,0
032860,2015-10-26,0,0,0,45718,0
032860,2015-10-27,0,0,0,45718,0
032860,2015-10-28,0,0,0,45718,0
032860,2015-10-29,0,0,0,45718,0
032860,2015-10-30,0,0,0,45718,0
032860,2015-11-02,0,0,0,45718,0
032860,2015-11-03,0,0,0,45718,0
032860,2015-11-04,0,0,0,45718,0
032860,2015-11-05,0,0,0,45718,0
032860,2015-11-06,0,0,0,45718,0
032860,2015-11-09,0,0,0,45718,0
032860,2015-11-10,0,0,0,45718,0
032860,2015-11-11,0,0,0,45718,0
032860,2015-11-12,0,0,0,45718,0
032860,2015-11-13,0,0,0,45718,0
032860,2015-11-16,0,0,0,45718,0
032860,2015-11-17,0,0,0,45718,0
032860,2015-11-18,0,0,0,45718,0
032860,2015-11-19,0,0,0,45718,0
032860,2015-11-20,0,0,0,45718,0
032860,2015-11-23,0,0,0,45718,0
032860,2015-11-24,0,0,0,45718,0
032860,2015-11-25,0,0,0,45718,0
032860,2015-11-26,0,0,0,45718,0
032860,2015-11-27,0,0,0,45718,0
032860,2015-11-30,0,0,0,45718,0
032860,2015-12-01,0,0,0,45718,0
032860,2015-12-02,0,0,0,45718,0
032860,2015-12-03,0,0,0,45718,0
032860,2015-12-04,0,0,0,45718,0
032860,2015-12-07,0,0,0,45718,0
032860,2015-12-08,0,0,0,45718,0
032860,2015-12-09,0,0,0,45718,0
032860,2015-12-10,0,0,0,45718,0
032860,2015-12-11,0,0,0,45718,0
032860,2015-12-14,0,0,0,45718,0
032860,2015-12-15,0,0,0,45718,0
032860,2015-12-16,0,0,0,45718,0
032860,2015-12-17,0,0,0,45718,0
032860,2015-12-18,0,0,0,45718,0
032860,2015-12-21,0,0,0,45718,0
032860,2015-12-22,0,0,0,45718,0
032860,2015-12-23,0,0,0,45718,0
032860,2015-12-24,0,0,0,45718,0
032860,2015-12-28,0,0,0,45718,0
032860,2015-12-29,0,0,0,45718,0
032860,2015-12-30,0,0,0,45718,0
032860,2016-01-04,0,0,0,45718,0
032860,2016-01-05,0,0,0,45718,0
032860,2016-01-06,0,0,0,45718,0
032860,2016-01-07,0,0,0,45718,0
032860,2016-01-08,0,0,0,45718,0
032860,2016-01-11,0,0,0,45718,0
032860,2016-01-12,0,0,0,45718,0
032860,2016-01-13,0,0,0,45718,0
032860,2016-01-14,0,0,0,45718,0
032860,2016-01-15,0,0,0,45718,0
032860,2016-01-18,0,0,0,45718,0
032860,2016-01-19,0,0,0,45718,0
032860,2016-01-20,0,0,0,45718,0
032860,2016-01-21,0,0,0,45718,0
032860,2016-01-22,0,0,0,45718,0
032860,2016-01-25,0,0,0,45718,0
032860,2016-01-26,0,0,0,45718,0
032860,2016-01-27,0,0,0,45718,0
032860,2016-01-28,0,0,0,45718,0
032860,2016-01-29,0,0,0,45718,0
032860,2016-02-01,0,0,0,45718,0
032860,2016-02-02,0,0,0,45718,0
032860,2016-02-03,0,0,0,45718,0
032860,2016-02-04,0,0,0,45718,0
032860,2016-02-05,0,0,0,45718,0
032860,2016-02-11,0,0,0,45718,0
032860,2016-02-12,0,0,0,45718,0
032860,2016-02-15,0,0,0,45718,0
032860,2016-02-16,0,0,0,45718,0
032860,2016-02-17,0,0,0,45718,0
032860,2016-02-18,0,0,0,45718,0
032860,2016-02-19,0,0,0,45718,0
032860,2016-02-22,0,0,0,45718,0
032860,2016-02-23,0,0,0,45718,0
032860,2016-02-24,0,0,0,45718,0
032860,2016-02-25,0,0,0,45718,0
032860,2016-02-26,0,0,0,45718,0
032860,2016-02-29,0,0,0,45718,0
032860,2016-03-02,0,0,0,45718,0
032860,2016-03-03,0,0,0,45718,0
032860,2016-03-04,0,0,0,45718,0
032860,2016-03-07,0,0,0,45718,0
032860,2016-03-08,0,0,0,45718,0
032860,2016-03-09,0,0,0,45718,0
032860,2016-03-10,0,0,0,45718,0
032860,2016-03-11,0,0,0,45718,0
032860,2016-03-14,0,0,0,45718,0
032860,2016-03-15,0,0,0,45718,0
032860,2016-03-16,0,0,0,45718,0
032860,2016-03-17,0,0,0,45718,0
032860,2016-03-18,0,0,0,45718,0
032860,2016-03-21,0,0,0,45718,0
032860,2016-03-22,0,0,0,45718,0
032860,2016-03-23,0,0,0,45718,0
032860,2016-03-24,0,0,0,45718,0
032860,2016-03-25,0,0,0,45718,0
032860,2016-03-28,0,0,0,45718,0
032860,2016-03-29,0,0,0,45718,0
032860,2016-03-30,0,0,0,45718,0
032860,2016-03-31,0,0,0,45718,0
032860,2016-04-01,0,0,0,45718,0
032860,2016-04-04,0,0,0,45718,0
032860,2016-04-05,0,0,0,45718,0
032860,2016-04-06,0,0,0,45718,0
032860,2016-04-07,0,0,0,45718,0
032860,2016-04-08,0,0,0,45718,0
032860,2016-04-11,0,0,0,45718,0
032860,2016-04-12,0,0,0,45718,0
032860,2016-04-14,0,0,0,45718,0
032860,2016-04-15,0,0,0,45718,0
032860,2016-04-18,0,0,0,45718,0
032860,2016-04-19,0,0,0,45718,0
032860,2016-04-20,0,0,0,45718,0
032860,2016-04-21,0,0,0,45718,0
032860,2016-04-22,0,0,0,45718,0
032860,2016-04-25,0,0,0,45718,0
032860,2016-04-26,0,0,0,45718,0
032860,2016-04-27,0,0,0,45718,0
032860,2016-04-28,0,0,0,45718,0
032860,2016-04-29,0,0,0,45718,0
032860,2016-05-02,0,0,0,45718,0
032860,2016-05-03,0,0,0,45718,0
032860,2016-05-04,0,0,0,45718,0
032860,2016-05-09,0,0,0,45718,0
032860,2016-05-10,0,0,0,45718,0
032860,2016-05-11,0,0,0,45718,0
032860,2016-05-12,0,0,0,45718,0
032860,2016-05-13,0,0,0,45718,0
032860,2016-05-16,0,0,0,45718,0
032860,2016-05-17,0,0,0,45718,0
032860,2016-05-18,0,0,0,45718,0
032860,2016-05-19,0,0,0,45718,0
032860,2016-05-20,0,0,0,45718,0
032860,2016-05-23,0,0,0,45718,0
032860,2016-05-24,0,0,0,45718,0
032860,2016-05-25,0,0,0,45718,0
032860,2016-05-26,0,0,0,45718,0
032860,2016-05-27,0,0,0,45718,0
032860,2016-05-30,0,0,0,45718,0
032860,2016-05-31,0,0,0,45718,0
032860,2016-06-01,0,0,0,45718,0
032860,2016-06-02,0,0,0,45718,0
032860,2016-06-03,0,0,0,45718,0
032860,2016-06-07,0,0,0,45718,0
032860,2016-06-08,0,0,0,45718,0
032860,2016-06-09,0,0,0,45718,0
032860,2016-06-10,0,0,0,45718,0
032860,2016-06-13,0,0,0,45718,0
032860,2016-06-14,0,0,0,45718,0
032860,2016-06-15,0,0,0,45718,0
032860,2016-06-16,0,0,0,45718,0
032860,2016-06-17,0,0,0,45718,0
032860,2016-06-20,0,0,0,45718,0
032860,2016-06-21,0,0,0,45718,0
032860,2016-06-22,0,0,0,45718,0
032860,2016-06-23,0,0,0,45718,0
032860,2016-06-24,0,0,0,45718,0
032860,2016-06-27,0,0,0,45718,0
032860,2016-06-28,0,0,0,45718,0
032860,2016-06-29,0,0,0,45718,0
032860,2016-06-30,0,0,0,45718,0
032860,2016-07-01,0,0,0,45718,0
032860,2016-07-04,0,0,0,45718,0
032860,2016-07-05,0,0,0,45718,0
032860,2016-07-06,0,0,0,45718,0
032860,2016-07-07,0,0,0,45718,0
032860,2016-07-08,0,0,0,45718,0
032860,2016-07-11,0,0,0,45718,0
032860,2016-07-12,0,0,0,45718,0
032860,2016-07-13,0,0,0,45718,0
032860,2016-07-14,0,0,0,45718,0
032860,2016-07-15,0,0,0,45718,0
032860,2016-07-18,0,0,0,45718,0
032860,2016-07-19,0,0,0,45718,0
032860,2016-07-20,0,0,0,45718,0
032860,2016-07-21,0,0,0,45718,0
032860,2016-07-22,0,0,0,45718,0
032860,2016-07-25,0,0,0,45718,0
032860,2016-07-26,0,0,0,45718,0
032860,2016-07-27,0,0,0,45718,0
032860,2016-07-28,0,0,0,45718,0
032860,2016-07-29,0,0,0,45718,0
032860,2016-08-01,0,0,0,45718,0
032860,2016-08-02,0,0,0,45718,0
032860,2016-08-03,0,0,0,45718,0
032860,2016-08-04,0,0,0,45718,0
032860,2016-08-05,0,0,0,45718,0
032860,2016-08-08,0,0,0,45718,0
032860,2016-08-09,0,0,0,45718,0
032860,2016-08-10,0,0,0,45718,0
032860,2016-08-11,0,0,0,45718,0
032860,2016-08-12,0,0,0,45718,0
032860,2016-08-16,0,0,0,45718,0
032860,2016-08-17,0,0,0,45718,0
032860,2016-08-18,0,0,0,45718,0
032860,2016-08-19,0,0,0,45718,0
032860,2016-08-22,0,0,0,45718,0
032860,2016-08-23,0,0,0,45718,0
032860,2016-08-24,0,0,0,45718,0
032860,2016-08-25,0,0,0,45718,0
032860,2016-08-26,0,0,0,45718,0
032860,2016-08-29,0,0,0,45718,0
032860,2016-08-30,0,0,0,45718,0
032860,2016-08-31,0,0,0,45718,0
032860,2016-09-01,0,0,0,45718,0
032860,2016-09-02,0,0,0,45718,0
032860,2016-09-05,0,0,0,45718,0
032860,2016-09-06,0,0,0,45718,0
032860,2016-09-07,0,0,0,45718,0
032860,2016-09-08,0,0,0,45718,0
032860,2016-09-09,0,0,0,45718,0
032860,2016-09-12,0,0,0,45718,0
032860,2016-09-13,0,0,0,45718,0
032860,2016-09-19,0,0,0,45718,0
032860,2016-09-20,0,0,0,45718,0
032860,2016-09-21,0,0,0,45718,0
032860,2016-09-22,0,0,0,45718,0
032860,2016-09-23,0,0,0,45718,0
032860,2016-09-26,0,0,0,45718,0
032860,2016-09-27,0,0,0,45718,0
032860,2016-09-28,0,0,0,45718,0
032860,2016-09-29,0,0,0,45718,0
032860,2016-09-30,0,0,0,45718,0
032860,2016-10-04,0,0,0,45718,0
032860,2016-10-05,0,0,0,45718,0
032860,2016-10-06,0,0,0,45718,0
032860,2016-10-07,0,0,0,45718,0
032860,2016-10-10,0,0,0,45718,0
032860,2016-10-11,0,0,0,45718,0
032860,2016-10-12,0,0,0,45718,0
032860,2016-10-13,0,0,0,45718,0
032860,2016-10-14,0,0,0,45718,0
032860,2016-10-17,0,0,0,45718,0
032860,2016-10-18,0,0,0,45718,0
032860,2016-10-19,0,0,0,45718,0
032860,2016-10-20,0,0,0,45718,0
032860,2016-10-21,0,0,0,45718,0
032860,2016-10-24,0,0,0,45718,0
032860,2016-10-25,0,0,0,45718,0
032860,2016-10-26,0,0,0,45718,0
032860,2016-10-27,0,0,0,45718,0
032860,2016-10-28,0,0,0,45718,0
032860,2016-10-31,45717,59407,32028,32028,2134340
032860,2016-11-01,24899,25467,22419,22420,1575458
032860,2016-11-02,15704,15704,15704,15704,371922
032860,2016-11-03,11468,11778,11003,11003,24116656
032860,2016-11-04,10300,11313,9515,10745,74927034
032860,2016-11-07,11054,12553,10321,11210,50401737
032860,2016-11-08,11313,11829,10899,11107,26538484
032860,2016-11-09,11054,11209,9009,9464,23185129
032860,2016-11-10,9866,10486,9763,10239,10588069
032860,2016-11-11,10321,10383,9360,9598,9739171
032860,2016-11-14,9660,9990,9463,9732,3637179
032860,2016-11-15,9608,9846,9215,9237,4583943
032860,2016-11-16,9401,11984,9401,11985,34153496
032860,2016-11-17,12914,13327,11158,11365,40663769
032860,2016-11-18,11261,12191,10848,11675,24468490
032860,2016-11-21,11726,12243,11261,11313,12309546
032860,2016-11-22,11468,11674,10383,10487,9565552
032860,2016-11-23,10641,10693,9608,9722,6118224
032860,2016-11-24,9815,10032,9350,9505,5038025
032860,2016-11-25,9432,10032,9350,9536,3607463
032860,2016-11-28,9639,9908,9298,9361,3562196
032860,2016-11-29,9391,9577,8885,9092,4405344
032860,2016-11-30,9091,9184,8564,8565,3649942
032860,2016-12-01,8564,8647,8017,8245,3325999
032860,2016-12-02,8089,9835,7976,8555,19091375
032860,2016-12-05,8585,8626,8193,8265,2614556
032860,2016-12-06,8265,8699,8265,8379,2538257
032860,2016-12-07,8389,8626,8069,8069,2473067
032860,2016-12-08,8151,8286,7996,8193,1766221
032860,2016-12-09,8193,8317,7996,8028,1807301
032860,2016-12-12,8058,8678,8058,8338,4752998
032860,2016-12-13,8337,8626,8213,8348,2943857
032860,2016-12-14,8564,8668,8162,8224,2987863
032860,2016-12-15,8120,8348,8120,8255,1259509
032860,2016-12-16,8255,8306,8027,8090,1819047
032860,2016-12-19,8058,8058,7790,7873,1749941
032860,2016-12-20,7862,8575,7841,7904,5465648
032860,2016-12-21,7893,8399,7852,8203,4195902
032860,2016-12-22,8172,8296,8027,8028,1526815
032860,2016-12-23,8027,8182,8007,8131,1573589
032860,2016-12-26,8213,8213,8007,8079,1199938
032860,2016-12-27,8058,8348,8007,8048,1668393
032860,2016-12-28,8048,8306,7976,8100,2854214
032860,2016-12-29,8203,8203,8017,8090,1156904
032860,2017-01-02,8058,8213,8017,8090,842520
032860,2017-01-03,8069,8678,8069,8369,4847198
032860,2017-01-04,8379,8647,8327,8441,1928473
032860,2017-01-05,8564,9773,8337,8937,15205948
032860,2017-01-06,8967,9401,8781,8916,4687479
032860,2017-01-09,8936,10249,8833,9443,10854484
032860,2017-01-10,9556,9908,9308,9350,3445311
032860,2017-01-11,9422,9453,8967,9092,3472598
032860,2017-01-12,9040,11778,9040,11778,28545683
032860,2017-01-13,11623,12759,10331,10745,36457974
032860,2017-01-16,10899,12191,10538,11210,25413751
032860,2017-01-17,11313,11726,10331,10435,9896039
032860,2017-01-18,10176,10207,9701,10084,8313959
032860,2017-01-19,10321,11003,10135,10270,11020474
032860,2017-01-20,10125,10207,9443,9515,4543762
032860,2017-01-23,9525,9835,9215,9237,2896825
032860,2017-01-24,9060,9432,8533,9164,4342980
032860,2017-01-25,9298,10899,9288,9515,26219758
032860,2017-01-26,9660,10094,9350,9743,3830840
032860,2017-01-31,10114,10486,9660,9712,4614093
032860,2017-02-01,9856,10011,9608,9670,2195744
032860,2017-02-02,9670,9670,8678,8679,4084948
032860,2017-02-03,8781,9226,8471,8679,2537147
032860,2017-02-06,8678,8957,8492,8834,1414942
032860,2017-02-07,8823,8926,8699,8741,799915
032860,2017-02-08,8657,8688,8379,8431,1488904
032860,2017-02-09,8430,9381,8420,8823,5253089
032860,2017-02-10,8833,9143,8482,8503,2041270
032860,2017-02-13,8420,9195,8306,8803,2534233
032860,2017-02-14,8699,10435,8637,9505,13885080
032860,2017-02-15,9298,9732,9091,9123,5617328
032860,2017-02-16,9112,9432,8916,9113,2123947
032860,2017-02-17,9257,9370,8967,8989,2062607
032860,2017-02-20,8988,9102,8699,8782,1211419
032860,2017-02-21,8864,9236,8730,9092,1912657
032860,2017-02-22,9226,9546,8885,8896,2392083
032860,2017-02-23,8885,8967,8647,8730,1013622
032860,2017-02-24,8730,8812,8358,8482,1461973
032860,2017-02-27,8420,8616,8317,8348,775728
032860,2017-02-28,8410,8719,8275,8389,929912
032860,2017-03-02,8420,8502,8120,8121,1718513
032860,2017-03-03,8007,8100,7459,7635,2473604
032860,2017-03-06,7562,7893,7459,7645,1742816
032860,2017-03-07,7676,8213,7655,8017,1850011
032860,2017-03-08,8017,8399,7955,8069,981456
032860,2017-03-09,7955,8213,7924,8069,921164
032860,2017-03-10,8069,8172,7562,8059,1325320
032860,2017-03-13,8120,8151,7986,8121,971934
032860,2017-03-14,7955,7986,7655,7790,1664226
032860,2017-03-15,7748,7841,7438,7542,1440168
032860,2017-03-16,7531,8058,7521,7697,1564697
032860,2017-03-17,7748,7945,7604,7697,558566
032860,2017-03-20,7604,7655,7438,7501,616969
032860,2017-03-21,7511,7604,7283,7284,908213
032860,2017-03-22,7232,7345,7118,7150,979038
032860,2017-03-23,7232,7500,7149,7232,1154216
032860,2017-03-24,7325,7325,6973,7139,571043
032860,2017-03-27,7180,7180,6612,6674,1694793
032860,2017-03-28,6674,6901,6560,6788,905948
032860,2017-03-29,6746,6849,6622,6716,461086
032860,2017-03-30,6674,6705,6292,6478,1524627
032860,2017-03-31,6457,6870,6405,6581,1550173
032860,2017-04-03,6601,7077,6529,6757,1804533
032860,2017-04-04,6736,7242,6715,7077,2977101
032860,2017-04-05,7046,7294,6932,7077,1018282
032860,2017-04-06,7035,7159,6756,6871,933624
032860,2017-04-07,6880,7118,6777,7015,840521
032860,2017-04-10,7180,7180,6622,6716,950211
032860,2017-04-11,6705,6870,6560,6571,693698
032860,2017-04-12,6663,6715,6426,6664,807946
032860,2017-04-13,6663,7025,6601,6736,1065676
032860,2017-04-14,6725,7025,6705,7026,998954
032860,2017-04-17,7283,8038,6953,6953,9270757
032860,2017-04-18,6922,7149,6715,6922,3231894
032860,2017-04-19,6932,7046,6705,6840,2218647
032860,2017-04-20,6839,6973,6725,6798,1341278
032860,2017-04-21,7221,7748,6870,6891,9111404
032860,2017-04-24,6922,7852,6870,7738,11415111
032860,2017-04-25,7841,8120,7459,7563,9936141
032860,2017-04-26,7624,8575,7573,8059,14550756
032860,2017-04-27,7955,7955,7738,7800,1416288
032860,2017-04-28,7686,7955,7562,7893,1038418
032860,2017-05-02,8120,8410,7955,8121,1798363
032860,2017-05-04,8141,8255,7986,8121,739338
032860,2017-05-08,8151,8368,8141,8358,762930
032860,2017-05-10,8420,8482,8275,8369,611397
032860,2017-05-11,8286,8430,8286,8369,767925
032860,2017-05-12,8327,8399,8286,8379,447636
032860,2017-05-15,8575,9339,8575,9340,1919690
032860,2017-05-16,9298,9660,9153,9660,1562630
032860,2017-05-17,10094,10331,8998,9299,4236601
032860,2017-05-18,8781,9019,8317,8482,3867806
032860,2017-05-19,8678,9195,8368,8565,7872292
032860,2017-05-22,8637,8668,8141,8265,2537129
032860,2017-05-23,8244,8265,8017,8059,1456261
032860,2017-05-24,8048,8213,7800,7821,1357544
032860,2017-05-25,7852,8193,7707,8121,1346294
032860,2017-05-26,8151,8151,7872,7955,792951
032860,2017-05-29,7924,7924,7469,7511,1527261
032860,2017-05-30,7500,7676,7304,7366,1161450
032860,2017-05-31,7387,7490,7232,7387,1148041
032860,2017-06-01,7428,8203,7397,7697,4944032
032860,2017-06-02,7748,7800,7490,7552,990700
032860,2017-06-05,7438,7635,7438,7470,502424
032860,2017-06-07,7521,7562,7407,7459,587630
032860,2017-06-08,7490,7511,7314,7428,651846
032860,2017-06-09,7366,7469,7180,7284,993741
032860,2017-06-12,7304,7304,7170,7263,454483
032860,2017-06-13,7232,7428,7190,7336,463512
032860,2017-06-14,7387,7428,7283,7377,499964
032860,2017-06-15,7407,7428,7252,7284,382074
032860,2017-06-16,7273,7397,7149,7284,643980
032860,2017-06-19,7397,7397,7170,7294,312524
032860,2017-06-20,7252,7366,7180,7274,521364
032860,2017-06-21,7273,7273,6880,7026,779682
032860,2017-06-22,7025,7046,6839,6912,562697
032860,2017-06-23,6963,7283,6870,7170,1194559
032860,2017-06-26,7211,7211,6984,7077,507531
032860,2017-06-27,7025,7097,6891,6964,581108
032860,2017-06-28,6963,7655,6922,7222,4461351
032860,2017-06-29,7201,7583,7180,7408,1940850
032860,2017-06-30,7500,7552,7252,7470,765445
032860,2017-07-03,7593,7604,7232,7232,718663
032860,2017-07-04,7294,7387,7015,7067,875322
032860,2017-07-05,7015,7232,6973,7129,551417
032860,2017-07-06,7066,7242,7004,7129,611106
032860,2017-07-07,7170,7190,7015,7067,392103
032860,2017-07-10,7108,7108,6818,6922,558797
032860,2017-07-11,6953,6963,6808,6902,404017
032860,2017-07-12,6922,6953,6798,6850,474631
032860,2017-07-13,6911,7459,6798,7057,2230520
032860,2017-07-14,7108,7118,6901,7026,481439
032860,2017-07-17,6994,7097,6963,7015,390066
032860,2017-07-18,7046,7128,6953,6953,299450
032860,2017-07-19,6953,7087,6901,7026,382511
032860,2017-07-20,7087,7108,6911,6964,347610
032860,2017-07-21,7004,7025,6870,6964,344680
032860,2017-07-24,6994,6994,6849,6933,335778
032860,2017-07-25,6932,6932,6746,6788,634958
032860,2017-07-26,6808,6818,6601,6602,626873
032860,2017-07-27,6612,6694,6570,6674,261403
032860,2017-07-28,6694,6694,6477,6478,491599
032860,2017-07-31,6488,6601,6240,6468,417177
032860,2017-08-01,6477,6736,6395,6695,335434
032860,2017-08-02,6767,6777,6612,6716,204463
032860,2017-08-03,6787,6787,6601,6757,272276
032860,2017-08-04,6767,6787,6632,6757,253604
032860,2017-08-07,6911,6963,6756,6871,466764
032860,2017-08-08,6829,6942,6798,6891,296974
032860,2017-08-09,6911,6911,6725,6767,283030
032860,2017-08-10,6736,6808,6550,6623,389688
032860,2017-08-11,6601,6715,6322,6385,442432
032860,2017-08-14,6405,6498,6364,6426,244761
032860,2017-08-16,6477,6550,6395,6416,344685
032860,2017-08-17,6498,6570,6395,6499,453618
032860,2017-08-18,6539,6539,6446,6540,348552
032860,2017-08-21,6601,6601,6498,6540,263433
032860,2017-08-22,6550,6694,6539,6571,389969
032860,2017-08-23,6591,6612,6467,6499,321285
032860,2017-08-24,6436,6643,6415,6571,406882
032860,2017-08-25,6601,6849,6550,6757,522888
032860,2017-08-28,6829,6829,6684,6767,227391
032860,2017-08-29,6767,6767,6591,6716,308099
032860,2017-08-30,6746,6767,6467,6654,389349
032860,2017-08-31,6653,6653,6529,6561,179258
032860,2017-09-01,6529,6601,6467,6561,287075
032860,2017-09-04,6395,6539,6333,6447,377381
032860,2017-09-05,6446,6519,6353,6457,309178
032860,2017-09-06,6457,6477,6343,6395,273510
032860,2017-09-07,6364,6498,6353,6406,396351
032860,2017-09-08,6467,6467,6353,6375,327569
032860,2017-09-11,6384,6426,6281,6302,402145
032860,2017-09-12,6343,6405,6157,6261,641435
032860,2017-09-13,6219,6281,6147,6220,333975
032860,2017-09-14,6271,6302,6044,6158,699281
032860,2017-09-15,6064,6209,5816,6209,570276
032860,2017-09-18,6209,6240,6126,6178,151059
032860,2017-09-19,6178,6209,6106,6127,177138
032860,2017-09-20,6188,6188,5992,6116,277279
032860,2017-09-21,6126,6126,5940,5992,406503
032860,2017-09-22,5992,5992,5723,5744,525195
032860,2017-09-25,5765,5858,5672,5796,259542
032860,2017-09-26,5785,5920,5672,5889,169134
032860,2017-09-27,5961,5961,5837,5910,241663
032860,2017-09-28,5909,5982,5858,5910,84225
032860,2017-09-29,5930,6281,5889,6116,312954
032860,2017-10-10,6240,6446,6023,6075,393500
032860,2017-10-11,6126,6199,5889,6189,133086
032860,2017-10-12,6230,6230,6095,6189,141371
032860,2017-10-13,6219,6230,6044,6075,127088
032860,2017-10-16,6116,6116,5723,6065,168694
032860,2017-10-17,6064,6075,5920,6023,133373
032860,2017-10-18,5930,6075,5889,5982,163410
032860,2017-10-19,6023,6085,5930,6085,112691
032860,2017-10-20,6013,6188,6013,6137,174970
032860,2017-10-23,6199,6199,6044,6127,189208
032860,2017-10-24,6147,6147,5992,6065,250437
032860,2017-10-25,6095,6178,6064,6116,185296
032860,2017-10-26,6126,6250,6095,6189,227998
032860,2017-10-27,6240,6312,6168,6209,285302
032860,2017-10-30,6147,6240,6106,6189,233160
032860,2017-10-31,6178,6508,6178,6416,348992
032860,2017-11-01,6446,6519,6322,6509,289870
032860,2017-11-02,0,0,0,6509,0
032860,2017-11-03,0,0,0,6509,0
032860,2017-11-06,0,0,0,6509,0
032860,2017-11-07,0,0,0,6509,0
032860,2017-11-08,0,0,0,6509,0
032860,2017-11-09,0,0,0,6509,0
032860,2017-11-10,0,0,0,6509,0
032860,2017-11-13,0,0,0,6509,0
032860,2017-11-14,0,0,0,6509,0
032860,2017-11-15,0,0,0,6509,0
032860,2017-11-16,0,0,0,6509,0
032860,2017-11-17,0,0,0,6509,0
032860,2017-11-20,0,0,0,6509,0
032860,2017-11-21,0,0,0,6509,0
032860,2017-11-22,0,0,0,6509,0
032860,2017-11-23,7759,8461,6984,7026,27956297
032860,2017-11-24,6787,6942,6467,6540,5493015
032860,2017-11-27,6467,6519,6064,6096,2347343
032860,2017-11-28,6095,6426,6013,6065,1439530
032860,2017-11-29,6126,6209,5785,5920,881803
032860,2017-11-30,5920,6044,5796,5827,610858
032860,2017-12-01,5858,5889,5703,5806,639917
032860,2017-12-04,5816,5951,5723,5786,524943
032860,2017-12-05,5806,5858,5703,5858,491041
032860,2017-12-06,5858,6147,5816,6054,980214
032860,2017-12-07,5992,5992,5744,5837,684394
032860,2017-12-08,5858,5889,5713,5806,415803
032860,2017-12-11,5827,5858,5734,5806,177401
032860,2017-12-12,5971,5971,5692,5765,459266
032860,2017-12-13,5775,5837,5579,5662,448167
032860,2017-12-14,5610,5713,5537,5620,495341
032860,2017-12-15,5579,5641,5506,5548,345665
032860,2017-12-18,5579,5672,5527,5672,434332
032860,2017-12-19,5713,5713,5465,5548,413834
032860,2017-12-20,5537,5579,5455,5486,198460
032860,2017-12-21,5517,5527,5279,5279,558957
032860,2017-12-22,5289,6085,5248,5589,2996185
032860,2017-12-26,5589,5589,5434,5517,358234
032860,2017-12-27,5475,5568,5413,5465,197209
032860,2017-12-28,5403,5548,5382,5445,310064
032860,2018-01-02,5455,5610,5444,5548,266838
032860,2018-01-03,5579,5827,5517,5765,636692
032860,2018-01-04,5765,5837,5527,5651,570607
032860,2018-01-05,5651,5744,5568,5631,464030
032860,2018-01-08,5589,5661,5455,5538,447264
032860,2018-01-09,5537,5630,5496,5558,304127
032860,2018-01-10,5548,5641,5393,5476,516696
032860,2018-01-11,5527,5548,5382,5393,474586
032860,2018-01-12,5465,5579,5362,5393,357987
032860,2018-01-15,5393,5486,5362,5465,349292
032860,2018-01-16,5475,5527,5403,5507,382441
032860,2018-01-17,5527,5579,5320,5372,593322
032860,2018-01-18,5341,5424,5269,5341,448445
032860,2018-01-19,5372,5444,5351,5372,222053
032860,2018-01-22,5372,5496,5351,5486,292546
032860,2018-01-23,5527,6643,5506,5982,13271491
032860,2018-01-24,6002,6013,5796,5848,1496956
032860,2018-01-25,5847,5971,5806,5972,500570
032860,2018-01-26,5951,6126,5889,6044,952257
032860,2018-01-29,6033,6095,5940,5982,547701
032860,2018-01-30,6044,6044,5847,5899,463549
032860,2018-01-31,6405,7666,6302,7026,31196791
032860,2018-02-01,6922,6973,6467,6757,5208688
032860,2018-02-02,6891,6891,6467,6561,2219947
032860,2018-02-05,6343,6436,6178,6240,1189293
032860,2018-02-06,5982,6199,5796,6199,1000885
032860,2018-02-07,6209,6591,6178,6292,784729
032860,2018-02-08,6292,6477,6199,6385,492943
032860,2018-02-09,6209,6343,6157,6271,386714
032860,2018-02-12,6281,6322,6168,6168,437019
032860,2018-02-13,6168,6281,6126,6271,394620
032860,2018-02-14,6281,6343,5992,6147,633598
032860,2018-02-19,6612,6705,6271,6302,1165244
032860,2018-02-20,6302,6508,6188,6364,693378
032860,2018-02-21,6353,6446,6147,6261,630883
032860,2018-02-22,6261,6281,6116,6178,471010
032860,2018-02-23,6230,6240,6095,6168,315663
032860,2018-02-26,6168,6240,5982,5992,457161
032860,2018-02-27,6095,6095,5889,5951,340787
032860,2018-02-28,5920,6064,5889,5910,347174
032860,2018-03-02,5909,6302,5889,6116,1150634
032860,2018-03-05,6168,6271,5951,5951,485051
032860,2018-03-06,6044,6054,5878,5951,405444
032860,2018-03-07,5951,6013,5827,5899,628318
032860,2018-03-08,5899,6147,5858,6034,693219
032860,2018-03-09,6147,6715,6033,6344,4455277
032860,2018-03-12,6302,6477,6281,6364,643838
032860,2018-03-13,6395,6426,6250,6385,526236
032860,2018-03-14,6374,6457,6333,6426,575890
032860,2018-03-15,6426,6477,6261,6406,663716
032860,2018-03-16,6333,6539,6292,6457,752111
032860,2018-03-19,6477,6550,6364,6499,809729
032860,2018-03-20,6446,6488,6353,6468,553186
032860,2018-03-21,6498,6508,6405,6509,560210
032860,2018-03-22,6498,6922,6353,6602,2584227
032860,2018-03-23,6570,6601,6353,6426,645416
032860,2018-03-26,6426,6622,6312,6519,583189
032860,2018-03-27,6508,7159,6508,6984,2690024
032860,2018-03-28,6984,7428,6601,6674,2246965
032860,2018-03-29,6684,6818,6539,6561,643379
032860,2018-03-30,6560,6643,6457,6633,259317
032860,2018-04-02,6632,6653,6322,6375,809891
032860,2018-04-03,6302,6436,6126,6426,612656
032860,2018-04-04,6477,6519,6292,6406,599636
032860,2018-04-05,6436,6436,6281,6354,410317
032860,2018-04-06,6302,6415,6250,6354,399988
032860,2018-04-09,6353,6426,6178,6220,544672
032860,2018-04-10,6302,6302,6126,6209,371692
032860,2018-04-11,6271,6271,6116,6168,252415
032860,2018-04-12,6168,6302,6085,6209,456454
032860,2018-04-13,6292,6333,6188,6240,724338
032860,2018-04-16,6199,6240,6002,6096,910595
032860,2018-04-17,6095,6240,6013,6158,716059
032860,2018-04-18,6199,6415,6085,6354,1421728
032860,2018-04-19,6446,6601,6353,6509,1433359
032860,2018-04-20,6829,7004,6570,6643,2558485
032860,2018-04-23,6715,6849,6550,6685,1478459
032860,2018-04-24,6684,6922,6612,6705,983966
032860,2018-04-25,6736,6880,6674,6809,891397
032860,2018-04-26,6767,7325,6767,7243,3414169
032860,2018-04-27,7242,7645,7025,7625,2571231
032860,2018-04-30,7624,8637,7624,8317,5259612
032860,2018-05-02,8471,8513,7645,7914,2407244
032860,2018-05-03,7924,8523,7686,7986,2875213
032860,2018-05-04,8079,8265,7903,8059,931357
032860,2018-05-08,7852,8038,7779,7862,934978
032860,2018-05-09,7831,7955,7242,7738,1108504
032860,2018-05-10,7914,8017,7779,7986,547220
032860,2018-05-11,8048,8069,7862,7986,429466
032860,2018-05-14,7986,8027,7573,7666,940149
032860,2018-05-15,7593,7717,7407,7563,983419
032860,2018-05-16,7252,7418,6922,7232,1328633
032860,2018-05-17,7180,7573,7180,7418,710343
032860,2018-05-18,7428,7697,7366,7645,560640
032860,2018-05-21,7593,7676,7511,7542,388021
032860,2018-05-23,7635,7635,7242,7253,927978
032860,2018-05-24,7252,7366,7149,7274,507713
032860,2018-05-25,6922,7118,6870,7026,795641
032860,2018-05-28,7097,7407,6818,7315,1131461
032860,2018-05-29,7325,7376,7118,7129,610435
032860,2018-05-30,7025,7232,6942,6995,463048
032860,2018-05-31,7035,7180,6973,6984,259300
032860,2018-06-01,7046,7118,6922,6964,431775
032860,2018-06-04,6963,7345,6932,7253,528803
032860,2018-06-05,7128,7283,7066,7170,569008
032860,2018-06-07,7221,7273,7180,7232,370645
032860,2018-06-08,7201,7562,7170,7346,1042389
032860,2018-06-11,7490,8100,7356,7604,3127829
032860,2018-06-12,7562,7790,7469,7790,988617
032860,2018-06-14,8141,8255,7376,7387,2526986
032860,2018-06-15,7335,7418,7056,7119,711812
032860,2018-06-18,7128,7221,6777,7129,911667
032860,2018-06-19,7190,7190,6725,6747,491047
032860,2018-06-20,6663,7077,6643,7036,592234
032860,2018-06-21,7139,7748,6715,7449,2170659
032860,2018-06-22,7325,9680,7325,8782,43010728
032860,2018-06-25,8616,9277,8348,8947,11401379
032860,2018-06-26,8792,9670,8513,8699,9488285
032860,2018-06-27,8575,9122,8265,8699,4506747
032860,2018-06-28,8699,11209,8606,9908,38421128
032860,2018-06-29,9742,10094,9298,9402,8229593
032860,2018-07-02,9629,9887,8823,9082,5027452
032860,2018-07-03,9164,9184,8337,8761,3646814
032860,2018-07-04,8761,8761,8224,8720,2845487
032860,2018-07-05,8637,8864,8089,8172,2883537
032860,2018-07-06,8172,8213,7676,8059,2342225
032860,2018-07-09,7976,8038,7490,7501,1650803
032860,2018-07-10,7418,8151,7325,7914,2069807
032860,2018-07-11,7841,7914,7418,7428,2055858
032860,2018-07-12,7252,8038,7221,7501,1843908
032860,2018-07-13,7624,7883,7500,7635,1122450
032860,2018-07-16,7717,7717,7325,7346,1220928
032860,2018-07-17,7387,7490,7232,7387,799504
032860,2018-07-18,7335,7438,7139,7181,1282363
032860,2018-07-19,7221,7356,7025,7315,781984
032860,2018-07-20,7232,7356,7170,7325,444366
032860,2018-07-23,7397,7438,6694,6726,1584633
032860,2018-07-24,6725,7097,6632,6984,777333
032860,2018-07-25,6984,7604,6984,7284,2267002
032860,2018-07-26,7294,7738,7159,7594,1101214
032860,2018-07-27,7614,7748,7480,7594,713080
032860,2018-07-30,7593,8554,7593,8348,4622288
032860,2018-07-31,8172,8399,7924,8110,1425711
032860,2018-08-01,8048,8420,7934,8162,819608
032860,2018-08-02,8089,8327,7934,7997,1058499
032860,2018-08-03,7996,9122,7996,8441,6716071
032860,2018-08-06,8544,8978,8017,8193,3187433
032860,2018-08-07,8265,8451,8141,8224,768190
032860,2018-08-08,8120,8317,7893,7935,1169575
032860,2018-08-09,7996,8234,7841,8234,980472
032860,2018-08-10,8234,8368,8038,8224,1967835
032860,2018-08-13,8182,8368,8069,8234,1325561
032860,2018-08-14,8234,8358,7769,8007,3726085
032860,2018-08-16,7955,8265,7717,8265,985425
032860,2018-08-17,8368,9267,8306,9195,4897681
032860,2018-08-20,9205,10589,8936,9433,10846352
032860,2018-08-21,9401,9918,9298,9784,2567359
032860,2018-08-22,9722,10435,9505,9712,4420528
032860,2018-08-23,9897,9918,9081,9299,2489720
032860,2018-08-24,9246,9794,9071,9681,2000916
032860,2018-08-27,9453,9711,9174,9299,1519458
032860,2018-08-28,9401,9401,9133,9216,849362
032860,2018-08-29,9071,9215,8564,8679,2136496
032860,2018-08-30,8730,8843,8502,8513,885002
032860,2018-08-31,8533,8606,8368,8503,950539
032860,2018-09-03,8533,8967,8492,8730,1187140
032860,2018-09-04,8616,8730,8544,8679,591932
032860,2018-09-05,8471,8523,7852,8265,4462894
032860,2018-09-06,8265,8513,8120,8441,875093
032860,2018-09-07,8440,8440,8110,8162,1191501
032860,2018-09-10,8027,8182,7945,8048,844756
032860,2018-09-11,8048,8275,7965,8265,604547
032860,2018-09-12,8420,8461,7976,8079,717546
032860,2018-09-13,8131,8234,7986,8214,383656
032860,2018-09-14,8244,8626,8131,8555,970729
032860,2018-09-17,8544,8585,8327,8482,514937
032860,2018-09-18,8482,8523,8317,8420,356601
032860,2018-09-19,8420,8616,8255,8307,415656
032860,2018-09-20,8306,8430,8131,8152,450716
032860,2018-09-21,8265,8461,8193,8379,363516
032860,2018-09-27,8389,8451,8265,8348,384662
032860,2018-09-28,8461,8461,8151,8152,439199
032860,2018-10-01,8162,8430,8162,8400,452863
032860,2018-10-02,8471,8471,8224,8265,335612
032860,2018-10-04,8265,8317,8069,8110,368209
032860,2018-10-05,8110,8265,7965,8048,334254
032860,2018-10-08,8048,8162,7955,8007,250324
032860,2018-10-10,7965,8079,7707,7955,767023
032860,2018-10-11,7490,8017,7490,7707,480273
032860,2018-10-12,7542,7790,7531,7635,234154
032860,2018-10-15,7593,7697,7438,7594,366041
032860,2018-10-16,7552,7686,7490,7542,203128
032860,2018-10-17,7511,7965,7511,7966,578906
032860,2018-10-18,7924,7986,7604,7707,548267
032860,2018-10-19,7697,7707,7263,7542,708203
032860,2018-10-22,7542,7542,7128,7181,929503
032860,2018-10-23,7190,7356,7025,7129,733421
032860,2018-10-24,7139,7139,6777,6798,516717
032860,2018-10-25,6612,6756,6436,6685,573715
032860,2018-10-26,6725,7232,6508,6674,1575514
032860,2018-10-29,6674,6767,6230,6416,749787
032860,2018-10-30,6250,6405,5837,6302,1114004
032860,2018-10-31,6261,6446,6116,6302,515868
032860,2018-11-01,6302,6694,6302,6654,376199
032860,2018-11-02,6663,6870,6643,6788,282529
032860,2018-11-05,6787,6787,6591,6664,201632
032860,2018-11-06,6715,7004,6581,6664,348646
032860,2018-11-07,6705,7190,6705,6860,885796
032860,2018-11-08,7004,7108,6880,7077,305957
032860,2018-11-09,7077,7087,6870,7015,265213
032860,2018-11-12,7015,7015,6529,6685,536379
032860,2018-11-13,6508,6560,6292,6375,590085
032860,2018-11-14,6374,6415,6188,6271,505481
032860,2018-11-15,6178,6395,6168,6271,248678
032860,2018-11-16,6302,6374,6147,6302,406695
032860,2018-11-19,6374,6663,6271,6530,685749
032860,2018-11-20,6405,6591,6405,6550,236407
032860,2018-11-21,6488,6612,6405,6550,198357
032860,2018-11-22,6488,6612,6457,6468,233024
032860,2018-11-23,6467,6560,6446,6550,170314
032860,2018-11-26,6508,6539,6446,6478,140914
032860,2018-11-27,6498,6994,6426,6685,681437
032860,2018-11-28,6705,6829,6663,6674,155491
032860,2018-11-29,6622,6880,6622,6871,193572
032860,2018-11-30,6880,7159,6767,7129,678354
032860,2018-12-03,7170,7852,7128,7759,1552229
032860,2018-12-04,7593,7759,7407,7563,514376
032860,2018-12-05,7438,7790,7397,7738,452990
032860,2018-12-06,7831,7862,7077,7397,559976
032860,2018-12-07,7397,7614,7335,7408,206111
032860,2018-12-10,7407,7407,7015,7129,337716
032860,2018-12-11,7128,7232,6922,7129,153600
032860,2018-12-12,7221,7232,6984,7005,293704
032860,2018-12-13,7046,7500,7015,7284,525757
032860,2018-12-14,7356,7449,7201,7408,268532
032860,2018-12-17,7397,7428,7087,7222,400599
032860,2018-12-18,7180,7180,6870,6912,352013
032860,2018-12-19,6911,7128,6818,7015,317991
032860,2018-12-20,7015,7025,6663,6809,332573
032860,2018-12-21,6808,6880,6622,6809,241374
032860,2018-12-24,6808,6818,6601,6623,340830
032860,2018-12-26,6612,6612,6292,6457,378211
032860,2018-12-27,6529,6715,6405,6633,328633
032860,2018-12-28,6715,6829,6467,6499,415715
032860,2019-01-02,6457,6746,6322,6716,483589
032860,2019-01-03,6715,6911,6632,6819,292221
032860,2019-01-04,6725,6932,6663,6902,164628
032860,2019-01-07,6922,6973,6746,6922,209907
032860,2019-01-08,6870,7035,6870,7026,237046
032860,2019-01-09,6973,7128,6942,7026,192249
032860,2019-01-10,6942,7128,6725,7108,309809
032860,2019-01-11,7108,7139,6973,7026,106845
032860,2019-01-14,7025,7066,6829,7005,133443
032860,2019-01-15,6932,6973,6860,6922,113850
032860,2019-01-16,6911,6932,6725,6912,122106
032860,2019-01-17,6829,6973,6787,6819,141597
032860,2019-01-18,6798,6932,6622,6902,348352
032860,2019-01-21,6932,6984,6818,6881,108726
032860,2019-01-22,6880,6932,6663,6705,225452
032860,2019-01-23,6705,6725,6581,6612,126701
032860,2019-01-24,6539,6705,6498,6664,269927
032860,2019-01-25,6663,7480,6622,7284,1828151
032860,2019-01-28,7366,7376,7056,7191,370325
032860,2019-01-29,7066,7325,7066,7274,390505
032860,2019-01-30,7304,7717,5455,5455,8345458
032860,2019-01-31,5475,5992,5475,5682,7076306
032860,2019-02-01,5744,5806,5486,5786,1771806
032860,2019-02-07,5827,6312,5806,6199,2145349
032860,2019-02-08,6199,6199,5971,6044,1103608
032860,2019-02-11,6033,6044,5878,5961,459483
032860,2019-02-12,5992,5992,5486,5579,1521663
032860,2019-02-13,5548,5971,5548,5806,1201395
032860,2019-02-14,5837,5889,5475,5672,1023946
032860,2019-02-15,5672,5703,5517,5672,424555
032860,2019-02-18,5672,5734,5568,5724,550382
032860,2019-02-19,5723,5930,5651,5879,662547
032860,2019-02-20,5878,5909,5765,5879,451797
032860,2019-02-21,5889,5940,5765,5858,374466
032860,2019-02-22,5847,6426,5754,5910,2836421
032860,2019-02-25,5868,5961,5827,5920,506165
032860,2019-02-26,5961,6013,5868,5920,360444
032860,2019-02-27,5982,5982,5837,5858,290247
032860,2019-02-28,5878,5930,5692,5806,584509
032860,2019-03-04,5806,5858,5713,5744,368591
032860,2019-03-05,5713,5878,5692,5817,223958
032860,2019-03-06,5754,5878,5537,5713,789743
032860,2019-03-07,5703,5723,5579,5610,258885
032860,2019-03-08,5620,5682,5506,5672,318479
032860,2019-03-11,5692,5765,5579,5620,271830
032860,2019-03-12,5620,5703,5599,5631,214338
032860,2019-03-13,5692,5744,5579,5734,362687
032860,2019-03-14,5734,5982,5672,5868,729310
032860,2019-03-15,5920,5920,5734,5786,282046
032860,2019-03-18,5785,5951,5785,5889,353374
032860,2019-03-19,5920,6250,5744,5889,1638131
032860,2019-03-20,5930,5930,5630,5744,669306
032860,2019-03-21,5744,5765,5579,5610,635077
032860,2019-03-22,5785,6023,5713,5858,1010734
032860,2019-03-25,5858,5868,5672,5755,421593
032860,2019-03-26,5754,5775,5620,5775,339352
032860,2019-03-27,5785,5785,5682,5693,150586
032860,2019-03-28,5703,5827,5692,5724,173467
032860,2019-03-29,5775,5930,5703,5796,373690
032860,2019-04-01,5847,6147,5837,6044,563148
032860,2019-04-02,6044,6199,6002,6189,376865
032860,2019-04-03,6178,6322,6033,6189,411612
032860,2019-04-04,6188,6415,6178,6354,421442
032860,2019-04-05,6333,6467,6333,6457,348753
032860,2019-04-08,6446,6570,6322,6406,323174
032860,2019-04-09,6405,6405,6281,6323,115783
032860,2019-04-10,6322,6415,6250,6385,252949
032860,2019-04-11,6405,6653,6374,6509,981264
032860,2019-04-12,6508,6674,6374,6571,664177
032860,2019-04-15,6529,6612,6467,6550,242511
032860,2019-04-16,6550,6581,6364,6385,363133
032860,2019-04-17,6395,6891,5899,6085,3531686
032860,2019-04-18,6116,6281,5899,5961,944547
032860,2019-04-19,5961,6199,5878,6054,632760
032860,2019-04-22,6023,6054,5940,5982,233863
032860,2019-04-23,6002,6002,5878,5930,231066
032860,2019-04-24,5878,5961,5868,5951,220165
032860,2019-04-25,5951,5951,5785,5786,366686
032860,2019-04-26,5775,5868,5692,5713,248019
032860,2019-04-29,5754,5806,5651,5713,195596
032860,2019-04-30,5682,5868,5672,5858,203055
032860,2019-05-02,5878,5889,5785,5858,107115
032860,2019-05-03,5868,5920,5775,5920,210512
032860,2019-05-07,5920,5920,5672,5744,440437
032860,2019-05-08,5682,5765,5579,5662,336418
032860,2019-05-09,5682,5734,5434,5445,460161
032860,2019-05-10,5465,5579,5362,5434,497047
032860,2019-05-13,5434,5537,5413,5434,137397
032860,2019-05-14,5413,5424,5279,5383,361782
032860,2019-05-15,5382,5496,5362,5465,174137
032860,2019-05-16,5692,5692,5455,5517,364356
032860,2019-05-17,5599,6147,5579,5920,1343570
032860,2019-05-20,5982,6044,5878,5951,271763
032860,2019-05-21,5889,5992,5796,5868,161978
032860,2019-05-22,5899,5909,5713,5744,176082
032860,2019-05-23,5765,5785,5506,5589,289585
032860,2019-05-24,5579,5682,5475,5651,246169
032860,2019-05-27,5527,5630,5424,5517,276821
032860,2019-05-28,5537,5589,5475,5589,187090
032860,2019-05-29,5589,5599,5506,5517,170544
032860,2019-05-30,5537,5620,5475,5496,97234
032860,2019-05-31,5496,5558,5424,5527,88963
032860,2019-06-03,5393,5568,5393,5527,88184
032860,2019-06-04,5537,5610,5455,5600,156691
032860,2019-06-05,5599,5661,5537,5651,109230
032860,2019-06-07,5651,5692,5610,5693,95640
032860,2019-06-10,5703,5734,5661,5734,176065
032860,2019-06-11,5703,5992,5651,5920,370480
032860,2019-06-12,5878,5930,5796,5796,157277
032860,2019-06-13,5785,5878,5682,5879,213535
032860,2019-06-14,5961,5961,5744,5806,183294
032860,2019-06-17,5744,5909,5744,5775,216802
032860,2019-06-18,5765,5785,5682,5693,244230
032860,2019-06-19,5692,5744,5620,5662,191378
032860,2019-06-20,5661,5723,5620,5724,120731
032860,2019-06-21,5692,5723,5630,5662,164246
032860,2019-06-24,5599,5682,5599,5620,132239
032860,2019-06-25,5620,5661,5506,5527,308322
032860,2019-06-26,5506,5599,5506,5538,100979
032860,2019-06-27,5537,5682,5537,5662,167463
032860,2019-06-28,5713,5909,5682,5786,427532
032860,2019-07-01,5734,5858,5723,5765,178630
032860,2019-07-02,5754,5847,5744,5837,107171
032860,2019-07-03,5920,5920,5785,5837,90179
032860,2019-07-04,5827,5837,5651,5662,235730
032860,2019-07-05,5661,5723,5630,5693,54443
032860,2019-07-08,5744,5744,5537,5558,235056
032860,2019-07-09,5558,5641,5372,5476,341085
032860,2019-07-10,5475,5672,5424,5651,103667
032860,2019-07-11,5651,5775,5599,5682,151073
032860,2019-07-12,5651,5723,5641,5641,59624
032860,2019-07-15,5620,5641,5548,5579,63052
032860,2019-07-16,5558,5796,5527,5641,246022
032860,2019-07-17,5641,5672,5475,5507,204640
032860,2019-07-18,5506,5579,5424,5434,227612
032860,2019-07-19,5393,5548,5393,5455,154755
032860,2019-07-22,5455,5537,5403,5496,97233
032860,2019-07-23,5486,5568,5434,5507,77844
032860,2019-07-24,5444,5517,5382,5445,119355
032860,2019-07-25,5424,5620,5341,5393,289455
032860,2019-07-26,5413,5413,5269,5300,192862
032860,2019-07-29,5186,5300,4969,5135,752353
032860,2019-07-30,5083,5258,5083,5187,110666
032860,2019-07-31,5196,5207,5041,5176,116836
032860,2019-08-01,5000,5176,5000,5042,150525
032860,2019-08-02,5052,5176,4959,5176,122051
032860,2019-08-05,5083,5310,4855,4980,489487
032860,2019-08-06,4897,4897,4545,4815,354337
032860,2019-08-07,4793,4917,4762,4804,71354
032860,2019-08-08,4835,4948,4793,4887,90393
032860,2019-08-09,4917,5114,4876,5063,232437
032860,2019-08-12,5000,5186,5000,5073,237954
032860,2019-08-13,5052,5093,4886,5032,224330
032860,2019-08-14,5021,5134,4969,5063,296575
032860,2019-08-16,4938,5010,4897,4949,92112
032860,2019-08-19,4907,4979,4907,4939,97214
032860,2019-08-20,4938,4990,4855,4866,227401
032860,2019-08-21,4897,4897,4752,4856,239940
032860,2019-08-22,4824,4990,4618,4763,279033
032860,2019-08-23,4762,4814,4649,4680,300635
032860,2019-08-26,4607,4669,4411,4505,450921
032860,2019-08-27,4535,4618,4452,4556,170179
032860,2019-08-28,4514,4566,4432,4453,123162
032860,2019-08-29,4380,4463,4328,4443,285070
032860,2019-08-30,4432,4514,4401,4494,101242
032860,2019-09-02,4514,4731,4504,4711,265689
032860,2019-09-03,4711,4711,4597,4639,63087
032860,2019-09-04,4618,4690,4566,4567,87717
032860,2019-09-05,4556,4680,4556,4639,169796
032860,2019-09-06,4638,4700,4597,4598,204247
032860,2019-09-09,4597,4597,4452,4598,230521
032860,2019-09-10,4628,4669,4421,4546,549848
032860,2019-09-11,4545,4556,4401,4515,231137
032860,2019-09-16,4514,4556,4339,4350,1027801
032860,2019-09-17,4328,4525,4328,4484,502906
032860,2019-09-18,4514,4607,4442,4608,210008
032860,2019-09-19,4649,4773,4576,4711,320362
032860,2019-09-20,4711,4752,4473,4639,223084
032860,2019-09-23,4638,4669,4587,4587,178145
032860,2019-09-24,4618,4969,4494,4763,801530
032860,2019-09-25,4762,4876,4731,4773,319615
032860,2019-09-26,4773,4804,4649,4680,235127
032860,2019-09-27,4680,4680,4566,4670,103090
032860,2019-09-30,4669,4804,4566,4794,378615
032860,2019-10-01,6230,6230,4762,4794,12469663
032860,2019-10-02,4700,4814,4494,4505,1618312
032860,2019-10-04,4421,4607,4421,4515,531042
032860,2019-10-07,4494,4545,4349,4432,438267
032860,2019-10-08,4370,4411,4297,4298,492844
032860,2019-10-10,4339,4525,4246,4432,504774
032860,2019-10-11,4432,4607,4390,4587,487100
032860,2019-10-14,4587,5041,4587,4959,1792585
032860,2019-10-15,4979,5227,4917,4949,1271564
032860,2019-10-16,4928,5258,4876,5197,1274858
032860,2019-10-17,5176,5558,5176,5341,1378089
032860,2019-10-18,5300,5475,5217,5414,343421
032860,2019-10-21,5444,5444,5124,5300,424200
032860,2019-10-22,5341,5362,4990,5001,656576
032860,2019-10-23,4979,5186,4804,4856,556654
032860,2019-10-24,4876,5031,4649,4939,442444
032860,2019-10-25,4907,4990,4835,4990,147913
032860,2019-10-28,4990,5062,4752,4949,137806
032860,2019-10-29,4948,5279,4876,5197,860918
032860,2019-10-30,5196,5300,5062,5156,411566
032860,2019-10-31,5155,6457,5155,5507,12864552
032860,2019-11-01,5455,6106,5455,5744,3002539
032860,2019-11-04,5796,6374,5796,6261,2316772
032860,2019-11-05,6261,6364,6054,6147,932097
032860,2019-11-06,6106,6426,5992,6426,996062
032860,2019-11-07,6415,6674,6281,6509,844096
032860,2019-11-08,6405,6581,6147,6375,877347
032860,2019-11-11,6302,6426,6168,6282,412819
032860,2019-11-12,6199,6601,6199,6426,650342
032860,2019-11-13,6508,6612,6333,6468,508684
032860,2019-11-14,6560,6612,6240,6406,1170566
032860,2019-11-15,6353,6405,5734,6065,1720626
032860,2019-11-18,6178,6261,6002,6085,518379
032860,2019-11-19,7201,7211,5847,5951,7580895
032860,2019-11-20,5951,5992,5765,5817,935433
032860,2019-11-21,5816,5982,5744,5899,564359
032860,2019-11-22,5868,5971,5785,5920,545716
032860,2019-11-25,5868,5951,5858,5858,275316
032860,2019-11-26,5806,5909,5734,5744,359313
032860,2019-11-27,5754,5837,5672,5693,448382
032860,2019-11-28,5703,5703,5568,5610,530243
032860,2019-11-29,5610,5713,5486,5693,399437
032860,2019-12-02,5641,5754,5641,5724,183535
032860,2019-12-03,5723,5754,5568,5682,263689
032860,2019-12-04,5682,5703,5486,5507,551022
032860,2019-12-05,5527,5899,5527,5765,810940
032860,2019-12-06,5827,5961,5754,5755,635083
032860,2019-12-09,5754,5754,5496,5507,561078
032860,2019-12-10,5475,5651,5475,5631,182767
032860,2019-12-11,5579,5692,5579,5631,424092
032860,2019-12-12,5672,5961,5651,5755,838235
032860,2019-12-13,5785,5940,5682,5786,634118
032860,2019-12-16,5734,5899,5723,5755,335070
032860,2019-12-17,5785,5796,5506,5569,553615
032860,2019-12-18,5537,5610,5196,5372,930929
032860,2019-12-19,5393,5403,5258,5269,250451
032860,2019-12-20,5279,5382,5217,5372,314741
032860,2019-12-23,5372,5372,4442,4660,2317757
032860,2019-12-24,4690,4690,4215,4267,1607581
032860,2019-12-26,4266,4266,3616,3812,3114154
032860,2019-12-27,3853,3946,3740,3792,926624
032860,2019-12-30,3791,3853,3626,3740,846353
032860,2020-01-02,3771,3791,3595,3771,834954
032860,2020-01-03,3802,3884,3750,3792,737520
032860,2020-01-06,3781,3791,3409,3430,2065719
032860,2020-01-07,3481,3698,3440,3492,1064938
032860,2020-01-08,3502,3512,3233,3234,1309143
032860,2020-01-09,3306,3409,3285,3378,465258
032860,2020-01-10,3388,3543,3388,3461,632696
032860,2020-01-13,3471,4215,3471,3668,6867847
032860,2020-01-14,3678,3729,3585,3730,849301
032860,2020-01-15,3719,3750,3512,3616,787635
032860,2020-01-16,3616,3657,3502,3637,479840
032860,2020-01-17,3636,4070,3585,3812,4777547
032860,2020-01-20,3802,4948,3750,4339,45096908
032860,2020-01-21,4215,4277,3864,3874,6853825
032860,2020-01-22,3812,3957,3719,3874,2799184
032860,2020-01-23,3802,3884,3719,3792,964802
032860,2020-01-28,3636,3667,3388,3502,1861650
032860,2020-01-29,3533,3554,3450,3492,893502
032860,2020-01-30,3461,3605,3254,3306,1409049
032860,2020-01-31,3388,3492,3275,3337,1299997
032860,2020-02-03,3275,3337,3099,3223,1103934
032860,2020-02-04,3223,3347,3182,3285,411553
032860,2020-02-05,3295,3430,3275,3389,477874
032860,2020-02-06,3440,3523,3388,3440,616764
032860,2020-02-07,3450,3523,3388,3451,295704
032860,2020-02-10,3409,3409,3275,3306,516443
032860,2020-02-11,3337,3337,3202,3275,525567
032860,2020-02-12,3275,3275,3202,3265,339201
032860,2020-02-13,3264,3378,3151,3203,581823
032860,2020-02-14,3202,3244,3130,3223,619846
032860,2020-02-17,3161,3223,3068,3100,938805
032860,2020-02-18,3099,3182,3089,3131,684334
032860,2020-02-19,3130,3130,2996,3100,613987
032860,2020-02-20,3089,3140,2965,3017,557375
032860,2020-02-21,3006,3006,2820,2893,913346
032860,2020-02-24,2872,2872,2686,2697,1189385
032860,2020-02-25,2706,2882,2593,2779,1228335
032860,2020-02-26,2779,2861,2696,2831,924366
032860,2020-02-27,2830,2841,2572,2707,732311
032860,2020-02-28,2665,2665,2438,2542,1003082
032860,2020-03-02,2551,2696,2489,2624,809390
032860,2020-03-03,2655,2913,2603,2779,1757186
032860,2020-03-04,2758,2841,2675,2779,574249
032860,2020-03-05,2748,2944,2748,2945,697296
032860,2020-03-06,2944,2944,2706,2769,744426
032860,2020-03-09,2727,2727,2582,2614,456996
032860,2020-03-10,2531,2562,2427,2511,685886
032860,2020-03-11,2510,2582,2438,2521,517767
032860,2020-03-12,2520,2520,2272,2325,589862
032860,2020-03-13,2272,2272,1859,2149,965845
032860,2020-03-16,2159,2789,2159,2790,5257247
032860,2020-03-17,2872,3264,2686,2738,37319986
032860,2020-03-18,2903,2975,2376,2407,8046735
032860,2020-03-19,2334,2396,1704,1777,5422474
032860,2020-03-20,1766,2076,1653,1860,5149458
032860,2020-03-23,1756,1777,1580,1756,2104222
032860,2020-03-24,1756,1859,1684,1715,1594062
032860,2020-03-25,1766,1818,1684,1715,3402221
032860,2020-03-26,1756,1994,1704,1818,6023096
032860,2020-03-27,1890,2056,1735,1829,5234130
032860,2020-03-30,1777,1994,1746,1994,2099715
032860,2020-03-31,2035,2190,1983,2077,2540654
032860,2020-04-01,2128,2582,2014,2159,8649903
032860,2020-04-02,2138,2159,2025,2149,2077320
032860,2020-04-03,2159,2231,2035,2097,1440504
032860,2020-04-06,2107,2190,2066,2118,1724793
032860,2020-04-07,2179,2748,2138,2511,36545313
032860,2020-04-08,2407,2520,2324,2428,7430490
032860,2020-04-09,2479,2996,2438,2624,15653357
032860,2020-04-10,2644,3275,2531,2779,33332257
032860,2020-04-13,2820,3285,2758,2883,20429391
032860,2020-04-14,2923,3109,2841,2914,7138069
032860,2020-04-16,2934,2944,2820,2945,2050433
032860,2020-04-17,2923,3047,2882,2903,3177678
032860,2020-04-20,2934,2975,2882,2883,1670097
032860,2020-04-21,2903,3223,2603,2707,11910007
032860,2020-04-22,2686,2851,2624,2686,3065152
032860,2020-04-23,2717,2810,2665,2717,1716520
032860,2020-04-24,2717,2779,2634,2676,1679463
032860,2020-04-27,2727,2748,2665,2717,1036883
032860,2020-04-28,2717,2748,2624,2676,1080973
032860,2020-04-29,2696,2944,2696,2769,4785795
032860,2020-05-04,2768,2872,2686,2717,1468454
032860,2020-05-06,2737,2758,2665,2759,638963
032860,2020-05-07,2830,2861,2727,2831,1547956
032860,2020-05-08,2820,3016,2748,2748,4260440
032860,2020-05-11,2758,2810,2717,2759,931539
032860,2020-05-12,2768,2799,2696,2738,1135459
032860,2020-05-13,2727,2789,2655,2686,788180
032860,2020-05-14,2665,2706,2582,2593,853410
032860,2020-05-15,2613,2675,2520,2593,898024
032860,2020-05-18,2613,2655,2541,2573,680505
032860,2020-05-19,2655,2675,2531,2573,1499812
032860,2020-05-20,2593,2644,2541,2552,2613740
032860,2020-05-21,2593,2644,2541,2624,2252305
032860,2020-05-22,2613,2613,2221,2325,5797794
032860,2020-05-25,2334,2427,2334,2397,1714296
032860,2020-05-26,2417,2438,2345,2438,1599661
032860,2020-05-27,2417,2706,2376,2376,9518509
032860,2020-05-28,2376,2417,2272,2335,2221765
032860,2020-05-29,2345,2376,2283,2294,877853
032860,2020-06-01,2293,2345,2252,2263,1360773
032860,2020-06-02,2272,2314,2231,2294,1572820
032860,2020-06-03,2283,2438,2272,2294,2105237
032860,2020-06-04,2272,2386,2200,2242,2268680
032860,2020-06-05,2252,2314,2241,2304,893037
032860,2020-06-08,2303,2355,2303,2325,961053
032860,2020-06-09,2324,2324,2272,2304,702722
032860,2020-06-10,2303,2303,2231,2263,1190073
032860,2020-06-11,2262,2283,2045,2066,4536469
032860,2020-06-12,1932,2056,1921,2015,1598121
032860,2020-06-15,1932,1994,1797,1891,2286347
032860,2020-06-16,1880,1973,1870,1942,970346
032860,2020-06-17,1932,1963,1880,1891,620470
032860,2020-06-18,1890,1890,1808,1829,884213
032860,2020-06-19,1818,1870,1777,1849,643505
032860,2020-06-22,1849,1890,1818,1891,581006
032860,2020-06-23,1932,1942,1808,1839,852791
032860,2020-06-24,1839,1880,1746,1798,834404
032860,2020-06-25,1828,1828,1746,1746,546923
032860,2020-06-26,1756,1921,1756,1829,1102428
032860,2020-06-29,1808,1880,1622,1808,9062899
032860,2020-06-30,1808,2345,1808,2025,38984777
032860,2020-07-01,1963,2262,1911,2015,9144323
032860,2020-07-02,2014,2117,1994,2077,1809638
032860,2020-07-03,2076,2087,1911,2066,2725629
032860,2020-07-06,2097,2293,1942,2211,8376636
032860,2020-07-07,2190,2872,2138,2872,53754041
032860,2020-07-08,2748,3595,2696,2945,88513219
032860,2020-07-09,3078,3616,3027,3120,49103156
032860,2020-07-10,3037,3202,3037,3182,3635049
032860,2020-07-13,3233,3233,3130,3203,2366602
032860,2020-07-14,3202,3202,3109,3131,2364780
032860,2020-07-15,3254,3512,3099,3161,7194633
032860,2020-07-16,3161,3161,2841,2945,5321107
032860,2020-07-17,2934,2934,2644,2738,6896070
032860,2020-07-20,2737,2748,2582,2624,2629288
032860,2020-07-21,2603,3244,2562,2914,17877026
032860,2020-07-22,2851,3016,2737,2810,3613737
032860,2020-07-23,2768,3099,2665,2976,7363661
032860,2020-07-24,2923,3089,2810,2883,1970734
032860,2020-07-27,2830,2954,2686,2697,2445670
032860,2020-07-28,2779,2789,2572,2645,1448299
032860,2020-07-29,2665,2841,2562,2759,1663367
032860,2020-07-30,2758,2758,2634,2666,1023720
032860,2020-07-31,2665,2727,2593,2655,1292284
032860,2020-08-03,2655,2675,2489,2500,1193603
032860,2020-08-04,2520,2655,2469,2614,1029202
032860,2020-08-05,2655,2820,2624,2759,1321925
032860,2020-08-06,2758,2810,2717,2759,1181518
032860,2020-08-07,2758,2789,2520,2624,1210551
032860,2020-08-10,2624,2872,2448,2686,2538287
032860,2020-08-11,2665,3161,2655,2965,8950294
032860,2020-08-12,2965,3192,2872,2934,5046557
032860,2020-08-13,2944,3058,2861,3017,1726036
032860,2020-08-14,3016,3047,2789,2852,1560696
032860,2020-08-18,2851,3171,2789,2821,2844281
032860,2020-08-19,2820,3202,2820,3110,6022747
032860,2020-08-20,3130,4039,3099,4040,21868790
032860,2020-08-21,4380,5165,3616,3854,29081857
032860,2020-08-24,3946,4618,3895,4329,17643584
032860,2020-08-25,4328,4700,4215,4608,5878282
032860,2020-08-26,4680,4752,4401,4660,4119131
032860,2020-08-27,4659,4659,4494,4608,2725135
032860,2020-08-28,4731,5062,4607,4742,3983321
032860,2020-08-31,4752,4824,4411,4618,1894711
032860,2020-09-01,4618,4669,4328,4484,1423748
032860,2020-09-02,4401,4545,4194,4267,2021523
032860,2020-09-03,4256,4359,4112,4153,1541626
032860,2020-09-04,3926,4287,3926,4277,1081379
032860,2020-09-07,4277,4411,4091,4339,1014967
032860,2020-09-08,4401,4990,4380,4474,5582170
032860,2020-09-09,4442,4597,4205,4412,1135053
032860,2020-09-10,4545,4545,4349,4422,1067384
032860,2020-09-11,4452,4463,4318,4370,663069
032860,2020-09-14,4370,4928,4349,4598,4696373
032860,2020-09-15,4628,4855,4587,4680,2269592
032860,2020-09-16,4680,4793,4390,4525,1737681
032860,2020-09-17,4535,4628,4390,4525,1294077
032860,2020-09-18,4525,4545,4328,4350,1148917
032860,2020-09-21,4349,4442,4039,4174,1905171
032860,2020-09-22,4184,4483,4050,4215,1670689
032860,2020-09-23,4225,4638,3822,4102,6430977
032860,2020-09-24,4101,4132,3822,3823,2426092
032860,2020-09-25,3812,4277,3616,4205,4151374
032860,2020-09-28,0,0,0,4205,0
032860,2020-09-29,0,0,0,4205,0
032860,2020-10-05,0,0,0,4205,0
032860,2020-10-06,0,0,0,4205,0
032860,2020-10-07,0,0,0,4205,0
032860,2020-10-08,0,0,0,4205,0
032860,2020-10-12,0,0,0,4205,0
032860,2020-10-13,0,0,0,4205,0
032860,2020-10-14,0,0,0,4205,0
032860,2020-10-15,0,0,0,4205,0
032860,2020-10-16,0,0,0,4205,0
032860,2020-10-19,0,0,0,4205,0
032860,2020-10-20,0,0,0,4205,0
032860,2020-10-21,0,0,0,4205,0
032860,2020-10-22,0,0,0,4205,0
032860,2020-10-23,4205,4500,3905,4400,857005
032860,2020-10-26,4380,4565,4220,4400,581298
032860,2020-10-27,4265,4325,3960,4150,292613
032860,2020-10-28,4080,4400,4045,4265,144404
032860,2020-10-29,4210,4880,4120,4700,447428
032860,2020-10-30,4645,5700,4575,5340,2060120
032860,2020-11-02,5530,6100,4605,4900,2333229
032860,2020-11-03,4950,5190,4440,4560,949136
032860,2020-11-04,4560,4595,4015,4190,538369
032860,2020-11-05,4135,4650,4135,4545,686098
032860,2020-11-06,4560,5040,3515,3895,2311169
032860,2020-11-09,3915,4155,3870,4140,583577
032860,2020-11-10,4140,4350,3950,4345,327785
032860,2020-11-11,4345,4550,4230,4500,292507
032860,2020-11-12,4505,4675,4170,4310,388815
032860,2020-11-13,4220,4300,4140,4240,153088
032860,2020-11-16,4230,4230,4055,4060,111781
032860,2020-11-17,4060,4125,3940,3960,123426
032860,2020-11-18,4060,4465,4010,4190,425281
032860,2020-11-19,4200,4645,4145,4600,475838
032860,2020-11-20,4630,4950,4570,4835,453533
032860,2020-11-23,4875,5000,4650,4650,334216
032860,2020-11-24,4600,4915,4500,4915,360902
032860,2020-11-25,4915,5100,4660,4810,343241
032860,2020-11-26,4810,4810,4560,4560,251026
032860,2020-11-27,4525,4835,4470,4750,184338
032860,2020-11-30,4750,4845,4700,4730,175189
032860,2020-12-01,4730,4860,4630,4765,212296
032860,2020-12-02,4775,4780,4530,4615,265085
032860,2020-12-03,4615,4770,4415,4720,252606
032860,2020-12-04,4675,6130,4660,5770,3600895
032860,2020-12-07,5840,6900,5800,6730,3928119
032860,2020-12-08,6740,6980,4930,5340,4633455
032860,2020-12-09,5340,5660,5230,5380,962679
032860,2020-12-10,5430,6850,5410,6350,5131660
032860,2020-12-11,6510,6990,5890,6340,2701416
032860,2020-12-14,6330,6780,6000,6640,853743
032860,2020-12-15,6770,7640,6770,7410,3002132
032860,2020-12-16,7290,7620,6850,7590,1874186
032860,2020-12-17,7590,8870,7570,8500,2947787
032860,2020-12-18,8560,9050,8270,8790,1772514
032860,2020-12-21,8800,9290,8710,9150,1274048
032860,2020-12-22,9150,9290,8710,9170,498429
032860,2020-12-23,9200,10850,9200,10450,1364142
032860,2020-12-24,10000,10550,9200,9940,978251
032860,2020-12-28,10050,10650,9720,9720,400079
032860,2020-12-29,9720,10200,9700,9830,474332
032860,2020-12-30,9970,9970,9100,9780,512648
032860,2021-01-04,9350,10100,9350,9810,337259
032860,2021-01-05,9760,12050,9760,11400,1022690
032860,2021-01-06,11500,12300,11100,12050,696207
032860,2021-01-07,12050,12300,11450,12300,331047
032860,2021-01-08,12400,13450,12400,12900,487291
032860,2021-01-11,12900,13350,11700,12200,345006
032860,2021-01-12,12200,12350,10350,11650,387074
032860,2021-01-13,11650,11900,11250,11700,134272
032860,2021-01-14,11650,11800,11000,11400,203743
032860,2021-01-15,11600,11600,10650,10750,193632
032860,2021-01-18,10400,11150,7740,9700,4103177
032860,2021-01-19,9890,11000,9540,10950,452931
032860,2021-01-20,10950,12650,10950,12400,613449
032860,2021-01-21,12550,13250,11600,12100,582591
032860,2021-01-22,12200,12350,11650,12300,298574
032860,2021-01-25,12350,12700,11850,12600,334851
032860,2021-01-26,12250,12500,11350,12050,501224
032860,2021-01-27,11800,11950,10800,11150,547041
032860,2021-01-28,10500,12100,9750,11200,633704
032860,2021-01-29,11350,11550,10800,11000,233944
032860,2021-02-01,11000,11400,10500,10950,242071
032860,2021-02-02,10800,11650,10550,11600,441626
032860,2021-02-03,12000,12700,11600,12650,817852
032860,2021-02-04,12850,14250,12600,13850,1480020
032860,2021-02-05,14050,14400,12650,13950,1059341
032860,2021-02-08,13700,13700,12350,12800,832491
032860,2021-02-09,12150,12750,11500,12000,716015
032860,2021-02-10,11650,14000,11650,13500,1668683
032860,2021-02-15,13650,14100,13250,13350,620212
032860,2021-02-16,13500,13750,12600,13400,651685
032860,2021-02-17,12950,13150,12450,12550,750162
032860,2021-02-18,12550,12550,11300,11450,775564
032860,2021-02-19,10950,12450,9860,12000,1704319
032860,2021-02-22,12100,12450,10900,11300,1462041
032860,2021-02-23,11500,12600,11100,12400,1139307
032860,2021-02-24,11500,12950,11500,11700,1411073
032860,2021-02-25,11500,11700,10550,11000,1372020
032860,2021-02-26,10700,11550,10650,11000,613573
032860,2021-03-02,11000,11050,10600,10950,346994
032860,2021-03-03,10650,11900,10650,11800,720528
032860,2021-03-04,11800,12500,10450,10800,885458
032860,2021-03-05,10300,11400,10250,11200,675636
032860,2021-03-08,11200,11600,11200,11300,514351
032860,2021-03-09,11350,11550,10800,11200,315699
032860,2021-03-10,11550,11550,10600,10800,365075
032860,2021-03-11,13750,14000,10800,11000,11794384
032860,2021-03-12,11200,11200,10300,10900,931438
032860,2021-03-15,10900,11700,10600,11150,657115
032860,2021-03-16,11200,11300,10750,11000,641060
032860,2021-03-17,11700,11850,10900,11850,1306345
032860,2021-03-18,12050,12700,11650,11750,1242711
032860,2021-03-19,11600,11900,11300,11900,296079
032860,2021-03-22,12150,12350,11400,11550,358084
032860,2021-03-23,11550,11600,10950,11050,326834
032860,2021-03-24,11150,11350,10450,10500,400534
032860,2021-03-25,10500,11250,10350,10850,399750
032860,2021-03-26,11000,11500,10900,11000,394912
032860,2021-03-29,10800,11000,10500,10700,242078
032860,2021-03-30,10400,10800,9690,10700,597500
032860,2021-03-31,10650,10700,10400,10500,129095
032860,2021-04-01,10400,10600,10300,10550,170394
032860,2021-04-02,10600,11150,10450,10800,276168
032860,2021-04-05,10900,11250,10750,11150,247374
032860,2021-04-06,11150,11200,10550,10850,232344
032860,2021-04-07,10750,11050,10650,10650,228005
032860,2021-04-08,10750,10750,10200,10500,246429
032860,2021-04-09,10300,10650,10300,10500,213338
032860,2021-04-12,10500,10600,10000,10500,450753
032860,2021-04-13,10500,11850,10300,11700,1285069
032860,2021-04-14,11750,12250,11100,11750,989075
032860,2021-04-15,11900,12850,11400,12400,1856055
032860,2021-04-16,12750,13300,12250,12900,1799096
032860,2021-04-19,13300,13950,13150,13500,1027878
032860,2021-04-20,13500,14500,13000,14100,1270767
032860,2021-04-21,14400,14400,13750,13950,776857
032860,2021-04-22,14100,14200,13250,13300,642226
032860,2021-04-23,13050,13800,12900,13700,765196
032860,2021-04-26,13400,13400,11950,12600,1102171
032860,2021-04-27,12650,12900,11800,12250,678717
032860,2021-04-28,12250,12300,11750,11800,345631
032860,2021-04-29,11600,12150,10700,11000,685174
032860,2021-04-30,11000,11650,10550,11650,563190
032860,2021-05-03,11900,12600,11150,11450,910707
032860,2021-05-04,11800,11850,11100,11250,362888
032860,2021-05-06,11300,12150,11000,12000,575928
032860,2021-05-07,11800,13350,11800,13350,1167974
032860,2021-05-10,13600,14000,12500,13000,1075575
032860,2021-05-11,12900,12900,12350,12650,453606
032860,2021-05-12,12600,12900,11950,12650,548313
032860,2021-05-13,12350,12550,12100,12250,303001
032860,2021-05-14,11950,12250,8620,9710,5894651
032860,2021-05-17,9700,10700,9600,10300,1089870
032860,2021-05-18,10700,10700,9630,9870,931986
032860,2021-05-20,9870,10050,8950,9090,609703
032860,2021-05-21,9090,9090,7760,8030,1759520
032860,2021-05-24,8100,8600,7360,7830,818024
032860,2021-05-25,7910,7930,6680,6810,1517148
032860,2021-05-26,6800,8850,6280,8850,4242863
032860,2021-05-27,8650,10200,8620,9300,3603984
032860,2021-05-28,9130,9200,8800,8830,582197
032860,2021-05-31,8830,9020,8430,8810,310939
032860,2021-06-01,8760,9680,8620,8820,813320
032860,2021-06-02,8860,9000,8650,8820,342125
032860,2021-06-03,9100,9270,9000,9170,587141
032860,2021-06-04,9150,9570,9050,9420,444657
032860,2021-06-07,9510,9780,9420,9430,467565
032860,2021-06-08,9400,9400,9050,9230,223271
032860,2021-06-09,9230,9230,8800,8890,375039
032860,2021-06-10,8920,10200,8920,9900,1410933
032860,2021-06-11,9760,10350,8480,9060,1934892
032860,2021-06-14,8950,8990,8550,8650,407816
032860,2021-06-15,8540,8610,7740,7970,1075574
032860,2021-06-16,8080,8300,7730,7920,520897
032860,2021-06-17,7900,7970,6910,7160,1321586
032860,2021-06-18,7050,7290,6810,7070,1068497
032860,2021-06-21,7080,7280,6910,7090,823858
032860,2021-06-22,7310,7370,6970,7000,603824
032860,2021-06-23,6980,7220,6690,7000,842699
032860,2021-06-24,7010,7230,6930,7060,388444
032860,2021-06-25,7060,7200,7030,7060,289236
032860,2021-06-28,7090,7090,6870,6870,338310
032860,2021-06-29,6820,7000,6670,6890,350183
032860,2021-06-30,6900,6990,6830,6840,183857
032860,2021-07-01,6900,6940,6500,6730,519253
032860,2021-07-02,6730,6740,6440,6480,402263
032860,2021-07-05,6530,6540,6110,6150,590661
032860,2021-07-06,6130,6600,5910,6150,1252733
032860,2021-07-07,6150,7990,5960,7990,8159221
032860,2021-07-08,7980,7980,6950,6950,3505249
032860,2021-07-09,6830,7190,6680,6850,950285
032860,2021-07-12,6850,6950,6560,6600,562834
032860,2021-07-13,6640,6850,6560,6810,488545
032860,2021-07-14,6740,6870,6700,6800,287592
032860,2021-07-15,6810,6840,6500,6600,360052
032860,2021-07-16,6590,7200,6350,6780,1146522
032860,2021-07-19,6780,6780,6480,6650,188770
032860,2021-07-20,6590,6600,6280,6400,292209
032860,2021-07-21,6320,6570,6280,6390,274307
032860,2021-07-22,6410,6450,6130,6140,334753
032860,2021-07-23,6120,6250,6030,6150,181589
032860,2021-07-26,6260,6260,6000,6000,202576
032860,2021-07-27,6070,6190,5940,6140,200177
032860,2021-07-28,6100,6140,5870,5900,187958
032860,2021-07-29,5870,6550,5780,6190,585958
032860,2021-07-30,6170,6460,5970,6340,298428
032860,2021-08-02,6430,6460,6150,6170,159861
032860,2021-08-03,6170,6260,5960,6100,132244
032860,2021-08-04,6120,6730,6070,6200,1176482
032860,2021-08-05,6200,6260,6120,6220,90551
032860,2021-08-06,6220,6290,6130,6260,111748
032860,2021-08-09,6260,6590,6200,6510,333312
032860,2021-08-10,6880,7530,6400,6520,2054168
032860,2021-08-11,6630,6940,6590,6790,596279
032860,2021-08-12,6830,7260,6800,6810,688651
032860,2021-08-13,6710,6780,6460,6580,243099
032860,2021-08-17,6490,6530,6010,6030,313706
032860,2021-08-18,5810,6470,5810,6400,239985
032860,2021-08-19,6390,6460,6150,6250,167427
032860,2021-08-20,6310,6420,6060,6110,256202
032860,2021-08-23,7200,7220,6460,6640,1888110
032860,2021-08-24,6930,6930,6250,6680,679446
032860,2021-08-25,6630,6630,6450,6580,295474
032860,2021-08-26,6560,6800,6250,6250,426137
032860,2021-08-27,6200,6370,6030,6330,383877
032860,2021-08-30,6330,6430,6150,6330,188352
032860,2021-08-31,6330,6350,6210,6220,154741
032860,2021-09-01,6220,6290,6120,6190,244595
032860,2021-09-02,0,0,0,6190,0
032860,2021-09-03,6140,6140,4780,5050,2124027
032860,2021-09-06,4990,4990,4465,4465,1025140
032860,2021-09-07,4570,5170,4530,4835,1286854
032860,2021-09-08,4840,4915,4550,4600,324222
032860,2021-09-09,4550,4740,4480,4495,213717
032860,2021-09-10,4450,4565,4305,4420,174371
032860,2021-09-13,4420,4420,4200,4220,209772
032860,2021-09-14,4290,4940,4290,4830,1139948
032860,2021-09-15,4940,5060,4700,4760,543702
032860,2021-09-16,4830,4890,4760,4875,136059
032860,2021-09-17,4800,5230,4755,4855,522216
032860,2021-09-23,4755,4960,4695,4760,132562
032860,2021-09-24,4700,4750,4460,4525,234291
032860,2021-09-27,4680,4860,4525,4800,261132
032860,2021-09-28,4860,4860,4575,4600,182802
032860,2021-09-29,4500,4700,4400,4630,106990
032860,2021-09-30,4690,4785,4475,4475,62466
032860,2021-10-01,4470,4470,4260,4275,120607
032860,2021-10-05,4270,4270,3800,4185,280750
